738
235
727
1928
3130
3631
3132
1932
728
233
736
1942
3140
3631
3123
1917
719
234
746
1955
3150
3631
3113
1903
709
234
755
1969
3159
3631
3103
1889
700
235
766
1982
3169
3631
3093
1875
691
235
776
1997
3179
3629
3083
1861
679
236
786
2011
3189
3630
3074
1847
671
236
796
2025
3199
3629
3063
1833
661
236
808
2039
3208
3628
3052
1819
652
237
817
2052
3217
3627
3041
1807
645
238
828
2065
3226
3626
3032
1791
634
240
840
2079
3236
3624
3022
1778
626
241
851
2093
3245
3624
3011
1764
618
243
860
2107
3253
3622
2999
1749
608
244
872
2122
3262
3620
2989
1735
598
245
882
2135
3270
3618
2979
1721
590
247
892
2149
3278
3617
2967
1708
582
249
904
2162
3287
3615
2955
1695
574
251
916
2176
3295
3614
2945
1681
565
253
928
2189
3305
3612
2933
1669
557
254
939
2204
3313
3610
2921
1655
548
256
950
2217
3320
3608
2910
1642
541
259
961
2232
3328
3605
2898
1627
532
262
972
2244
3337
3602
2887
1614
525
264
983
2258
3345
3599
2876
1601
517
267
995
2272
3351
3597
2865
1586
510
269
1006
2287
3359
3593
2854
1573
503
273
1018
2300
3367
3590
2842
1559
496
275
1029
2313
3373
3588
2830
1545
488
279
1042
2326
3381
3585
2818
1530
481
282
1053
2340
3387
3582
2806
1516
473
285
1065
2352
3394
3578
2793
1503
466
288
1077
2368
3402
3574
2782
1489
459
293
1089
2381
3408
3571
2771
1477
452
297
1101
2395
3415
3566
2759
1463
446
301
1113
2408
3423
3562
2745
1450
438
305
1125
2421
3430
3558
2733
1437
433
308
1137
2435
3436
3555
2722
1425
424
313
1150
2448
3443
3550
2709
1411
419
317
1164
2462
3450
3546
2697
1398
413
321
1174
2475
3456
3542
2683
1384
406
325
1187
2488
3462
3537
2671
1371
401
329
1200
2501
3467
3532
2659
1358
395
336
1212
2513
3473
3527
2647
1345
389
340
1224
2528
3479
3522
2634
1332
383
345
1237
2540
3486
3517
2622
1318
377
351
1249
2553
3491
3513
2610
1306
372
354
1262
2566
3497
3508
2596
1293
367
361
1275
2580
3502
3503
2584
1279
361
367
1287
2594
3507
3497
2571
1267
356
372
1301
2606
3512
3492
2557
1253
349
377
1314
2618
3518
3488
2544
1241
345
382
1329
2631
3522
3480
2531
1228
339
388
1341
2644
3527
3474
2519
1216
335
394
1354
2655
3532
3468
2504
1204
329
400
1366
2668
3537
3462
2492
1191
325
405
1380
2680
3540
3456
2479
1179
321
412
1393
2692
3546
3450
2463
1166
317
418
1407
2705
3550
3444
2450
1154
313
425
1420
2716
3556
3438
2438
1141
308
432
1433
2728
3559
3430
2425
1128
304
437
1447
2740
3564
3424
2412
1116
301
444
1460
2755
3566
3418
2399
1104
295
451
1474
2766
3571
3411
2385
1093
292
458
1486
2779
3574
3403
2372
1081
289
465
1500
2790
3578
3396
2358
1069
285
472
1513
2802
3582
3389
2344
1057
281
479
1527
2814
3583
3382
2332
1045
279
486
1541
2826
3588
3375
2318
1033
275
494
1554
2838
3591
3369
2304
1021
273
501
1569
2850
3594
3361
2291
1009
270
509
1582
2862
3596
3353
2276
997
267
516
1596
2874
3599
3345
2262
986
264
523
1610
2885
3601
3338
2248
975
261
532
1624
2897
3605
3330
2236
964
259
539
1636
2907
3607
3321
2221
952
256
547
1650
2918
3609
3313
2208
941
254
557
1664
2930
3611
3305
2194
930
253
564
1677
2941
3614
3297
2180
920
252
572
1690
2953
3615
3289
2167
906
249
580
1704
2964
3617
3281
2154
896
247
588
1718
2975
3619
3273
2140
885
245
597
1730
2986
3621
3264
2126
873
244
606
1745
2997
3622
3256
2112
863
243
614
1760
3009
3624
3247
2098
853
241
622
1773
3019
3625
3239
2083
843
240
631
1787
3030
3626
3230
2070
830
238
641
1802
3039
3627
3219
2057
820
237
649
1815
3050
3628
3209
2043
810
236
659
1829
3060
3630
3201
2029
799
236
669
1843
3071
3631
3193
2016
788
234
678
1857
3080
3630
3183
2001
779
235
687
1872
3092
3631
3173
1986
768
233
697
1885
3101
3631
3163
1974
758
234
706
1899
3110
3631
3153
1959
748
234
716
1912
3121
3631
3144
1946
738
234
725
1926
3130
3632
3133
1933
728
233
735
1939
3140
3632
3125
1918
719
233
744
1954
3149
3631
3115
1905
710
234
754
1967
3159
3631
3105
1891
701
234
764
1982
3168
3631
3095
1877
691
235
774
1994
3178
3630
3086
1863
681
236
784
2010
3188
3630
3075
1849
671
236
796
2023
3197
3629
3066
1835
662
236
806
2037
3206
3628
3054
1821
653
237
816
2050
3217
3627
3043
1808
646
238
827
2064
3225
3626
3032
1795
636
240
838
2078
3235
3625
3023
1779
627
242
850
2091
3244
3623
3012
1766
618
243
859
2107
3252
3622
3000
1749
609
244
870
2120
3261
3620
2990
1737
600
245
880
2134
3269
3619
2979
1723
591
247
891
2147
3278
3617
2968
1709
583
249
903
2161
3286
3615
2958
1696
574
251
914
2174
3294
3614
2946
1684
566
253
926
2188
3304
3612
2935
1671
558
254
937
2201
3313
3611
2923
1658
549
256
948
2215
3320
3608
2911
1643
542
258
959
2230
3328
3605
2900
1630
533
261
971
2243
3336
3603
2888
1615
526
263
981
2256
3343
3600
2878
1602
518
267
993
2270
3351
3597
2866
1587
511
269
1004
2285
3358
3594
2855
1574
504
271
1016
2298
3366
3591
2843
1560
496
275
1029
2311
3373
3589
2832
1547
489
278
1040
2325
3380
3586
2820
1532
482
281
1052
2339
3387
3582
2807
1518
473
285
1064
2352
3394
3579
2795
1504
466
288
1076
2367
3401
3574
2784
1492
459
291
1088
2378
3408
3571
2772
1479
453
295
1099
2394
3415
3567
2760
1464
446
300
1111
2407
3423
3564
2748
1452
439
303
1123
2420
3430
3560
2735
1439
433
307
1136
2433
3436
3556
2724
1426
425
312
1148
2446
3443
3550
2709
1413
420
317
1162
2460
3448
3546
2697
1399
413
321
1174
2472
3455
3542
2685
1385
406
325
1186
2486
3462
3538
2673
1372
401
329
1199
2500
3467
3533
2661
1359
395
334
1211
2512
3472
3528
2649
1347
389
339
1222
2526
3479
3523
2636
1335
383
345
1235
2539
3486
3518
2624
1319
378
349
1248
2551
3491
3514
2611
1307
373
354
1260
2565
3496
3509
2599
1295
368
360
1273
2577
3501
3504
2584
1281
363
366
1287
2592
3508
3498
2572
1267
356
372
1299
2604
3512
3492
2559
1255
350
376
1313
2617
3517
3488
2546
1242
345
381
1327
2630
3522
3481
2532
1230
340
387
1339
2642
3526
3474
2521
1218
335
393
1352
2654
3532
3469
2506
1205
330
399
1365
2666
3536
3463
2494
1192
326
405
1378
2679
3540
3457
2480
1181
321
411
1391
2691
3546
3450
2465
1167
317
418
1405
2704
3550
3444
2452
1154
313
423
1418
2715
3556
3438
2440
1142
308
429
1431
2727
3560
3430
2425
1130
304
437
1445
2739
3563
3426
2413
1117
301
445
1459
2754
3566
3418
2400
1106
297
450
1471
2765
3570
3411
2386
1094
293
457
1485
2777
3574
3405
2374
1082
289
464
1499
2789
3578
3397
2360
1071
285
471
1511
2801
3581
3390
2345
1058
282
478
1526
2813
3584
3384
2333
1046
280
486
1539
2826
3588
3376
2320
1033
276
492
1552
2838
3591
3369
2306
1022
272
499
1568
2848
3594
3362
2292
1011
270
507
1581
2861
3597
3354
2279
998
267
514
1594
2872
3599
3347
2264
987
265
522
1607
2883
3602
3339
2251
976
261
530
1620
2895
3605
3332
2237
966
259
538
1634
2906
3607
3323
2222
954
256
546
1648
2917
3609
3316
2210
942
254
554
1661
2928
3611
3305
2196
932
253
562
1676
2939
3613
3298
2182
920
252
570
1689
2951
3615
3290
2169
908
249
578
1701
2963
3616
3282
2155
897
247
587
1715
2973
3618
3274
2142
887
245
596
1730
2984
3620
3265
2128
875
244
605
1743
2995
3622
3257
2114
864
243
612
1758
3007
3623
3248
2099
855
241
622
1772
3017
3625
3240
2086
844
240
630
1785
3028
3626
3231
2071
832
238
639
1800
3038
3626
3220
2058
822
237
648
1814
3049
3627
3211
2045
812
237
657
1827
3059
3629
3201
2031
801
236
667
1840
3068
3630
3193
2018
790
235
677
1855
3079
3631
3184
2004
780
234
686
1869
3090
3631
3173
1988
769
233
695
1884
3099
3631
3164
1975
760
233
704
1897
3110
3631
3154
1961
749
234
715
1911
3120
3631
3145
1948
739
233
724
1924
3128
3632
3135
1934
731
233
734
1937
3139
3632
3125
1920
720
233
743
1952
3148
3632
3116
1906
711
233
753
1965
3157
3631
3106
1893
702
234
763
1978
3167
3631
3096
1879
693
235
773
1994
3177
3630
3087
1865
683
236
784
2008
3185
3630
3077
1851
671
235
795
2022
3197
3630
3067
1837
663
236
804
2036
3205
3629
3055
1823
654
237
814
2049
3215
3628
3045
1809
648
237
825
2063
3224
3626
3034
1796
637
239
836
2076
3234
3625
3024
1781
629
240
847
2089
3243
3623
3013
1767
619
243
857
2105
3252
3623
3004
1753
610
243
869
2118
3260
3621
2991
1738
601
244
879
2132
3269
3619
2980
1725
593
247
890
2146
3276
3617
2969
1711
584
249
901
2159
3285
3616
2959
1698
576
251
912
2172
3293
3614
2947
1686
566
253
924
2187
3301
3612
2935
1672
558
253
936
2200
3310
3610
2923
1659
550
256
948
2214
3319
3607
2913
1645
542
258
958
2227
3326
3606
2902
1631
534
261
969
2240
3336
3603
2890
1617
526
263
981
2255
3343
3600
2879
1602
519
266
991
2268
3350
3598
2869
1590
511
269
1003
2283
3357
3595
2856
1577
505
271
1015
2296
3365
3591
2845
1562
497
274
1028
2310
3372
3589
2833
1548
489
277
1038
2323
3379
3586
2822
1534
482
281
1051
2336
3385
3583
2809
1521
475
285
1062
2352
3393
3578
2797
1507
467
288
1075
2364
3400
3575
2784
1494
461
291
1086
2377
3406
3572
2774
1480
454
295
1097
2392
3414
3568
2762
1466
448
299
1109
2405
3422
3564
2749
1454
440
303
1122
2418
3430
3562
2736
1440
433
306
1134
2431
3435
3557
2725
1428
426
311
1146
2444
3442
3552
2713
1415
421
313
1160
2460
3448
3547
2699
1399
413
320
1172
2472
3454
3543
2687
1387
407
324
1185
2484
3461
3538
2675
1373
401
329
1196
2498
3466
3534
2663
1361
396
333
1209
2511
3472
3530
2649
1348
390
338
1220
2524
3478
3524
2638
1336
384
344
1234
2538
3486
3519
2626
1322
378
348
1246
2550
3490
3515
2612
1309
373
353
1259
2564
3495
3509
2600
1295
368
359
1271
2576
3501
3505
2587
1283
363
365
1285
2591
3507
3499
2574
1269
357
370
1297
2603
3512
3493
2561
1256
351
374
1311
2616
3517
3489
2548
1243
345
380
1325
2628
3521
3482
2534
1232
341
386
1338
2640
3526
3476
2522
1219
337
392
1351
2652
3532
3470
2507
1206
331
398
1363
2665
3536
3463
2496
1194
327
404
1376
2677
3540
3458
2482
1183
322
410
1389
2689
3544
3451
2467
1169
318
417
1403
2702
3550
3446
2454
1156
313
422
1416
2713
3554
3440
2442
1143
309
429
1430
2726
3558
3434
2429
1131
304
436
1444
2737
3562
3426
2415
1119
301
442
1457
2753
3566
3420
2402
1107
297
449
1470
2763
3570
3412
2389
1095
293
456
1483
2776
3574
3405
2376
1084
289
463
1497
2787
3577
3399
2362
1072
286
470
1511
2799
3581
3392
2348
1059
283
477
1524
2811
3584
3384
2334
1048
280
485
1537
2822
3587
3377
2322
1035
276
492
1550
2836
3590
3370
2308
1023
272
498
1566
2848
3594
3363
2293
1012
270
506
1579
2860
3596
3356
2281
1000
267
514
1592
2871
3599
3348
2266
989
266
522
1606
2883
3602
3341
2253
978
262
529
1617
2892
3604
3333
2239
967
260
537
1632
2905
3606
3325
2224
955
258
546
1646
2915
3609
3317
2211
944
255
553
1659
2927
3611
3309
2197
932
253
562
1674
2938
3614
3299
2183
922
252
569
1687
2950
3615
3293
2171
909
249
578
1700
2961
3617
3284
2157
898
247
586
1713
2972
3618
3275
2143
888
246
595
1728
2983
3620
3266
2130
876
244
603
1741
2994
3622
3258
2115
866
243
611
1757
3006
3623
3249
2101
855
240
620
1770
3016
3625
3241
2087
845
239
629
1783
3027
3626
3232
2073
833
239
638
1799
3037
3627
3221
2060
822
237
646
1812
3047
3627
3213
2047
812
237
656
1825
3058
3630
3204
2033
802
236
664
1839
3068
3631
3193
2019
790
236
675
1853
3078
3631
3185
2005
781
234
685
1869
3088
3631
3174
1991
770
233
694
1883
3099
3631
3165
1977
760
233
704
1896
3108
3631
3156
1963
750
234
713
1909
3118
3631
3145
1949
741
233
723
1923
3127
3632
3136
1936
732
233
733
1935
3138
3632
3126
1922
722
233
741
1950
3147
3632
3117
1908
712
233
751
1964
3157
3632
3108
1895
703
233
762
1978
3165
3631
3097
1881
694
234
772
1992
3176
3630
3088
1867
683
235
781
2006
3185
3631
3079
1853
674
236
793
2020
3195
3630
3067
1838
664
236
803
2034
3205
3629
3057
1824
655
236
812
2047
3214
3627
3047
1811
646
238
824
2061
3223
3627
3036
1798
637
239
834
2075
3233
3626
3026
1782
629
241
846
2088
3242
3623
3015
1769
620
242
856
2103
3250
3623
3005
1755
613
243
867
2117
3259
3621
2992
1741
602
244
878
2131
3267
3620
2981
1726
593
247
888
2144
3276
3618
2971
1713
585
248
900
2157
3284
3616
2960
1699
577
250
912
2171
3292
3614
2947
1686
568
252
923
2185
3301
3612
2935
1674
558
253
934
2198
3309
3611
2925
1661
551
255
946
2212
3319
3609
2914
1647
543
257
956
2225
3325
3606
2903
1631
535
261
968
2240
3334
3603
2892
1619
527
263
980
2253
3341
3600
2881
1605
520
265
990
2267
3349
3598
2870
1591
513
268
1002
2283
3356
3595
2858
1578
505
271
1013
2295
3365
3592
2846
1563
498
274
1026
2308
3371
3590
2834
1551
491
277
1038
2322
3378
3586
2822
1536
483
281
1049
2335
3385
3583
2810
1522
475
284
1061
2350
3392
3580
2798
1508
468
288
1073
2364
3400
3576
2786
1495
461
290
1085
2376
3407
3573
2775
1481
454
294
1096
2389
3413
3568
2762
1468
448
298
1108
2404
3421
3565
2751
1455
441
302
1120
2417
3429
3561
2738
1442
433
306
1132
2430
3434
3557
2727
1430
426
310
1144
2443
3441
3553
2715
1417
421
313
1158
2457
3446
3549
2701
1403
415
320
1170
2470
3454
3543
2689
1388
408
324
1183
2482
3460
3538
2677
1375
402
328
1195
2496
3465
3534
2664
1363
395
333
1207
2509
3472
3530
2650
1350
390
337
1219
2524
3478
3525
2640
1338
384
343
1232
2536
3485
3519
2627
1324
378
348
1245
2549
3490
3515
2614
1310
373
352
1257
2562
3496
3510
2602
1297
369
358
1269
2574
3500
3505
2590
1285
364
364
1283
2588
3506
3500
2576
1270
357
369
1295
2601
3512
3494
2563
1258
351
374
1310
2614
3516
3489
2549
1245
346
380
1322
2627
3521
3484
2536
1233
341
385
1337
2639
3526
3477
2524
1221
337
391
1349
2651
3531
3471
2510
1208
332
397
1362
2663
3536
3464
2497
1196
327
404
1375
2675
3540
3459
2484
1184
321
409
1388
2689
3546
3453
2469
1170
319
415
1402
2701
3550
3446
2457
1158
313
422
1415
2712
3555
3441
2443
1145
309
429
1428
2724
3558
3434
2430
1133
305
433
1442
2736
3562
3428
2417
1121
301
441
1455
2751
3566
3420
2403
1108
297
449
1468
2762
3570
3414
2390
1097
294
455
1482
2775
3574
3406
2376
1086
289
463
1495
2786
3578
3399
2364
1073
286
469
1509
2798
3581
3392
2351
1061
283
476
1522
2810
3583
3385
2336
1049
280
483
1535
2822
3587
3378
2323
1037
276
491
1549
2835
3590
3371
2309
1025
273
498
1564
2846
3593
3364
2295
1013
270
504
1577
2858
3596
3357
2283
1002
268
514
1590
2870
3599
3349
2268
990
264
520
1604
2881
3601
3341
2254
980
262
528
1616
2892
3604
3334
2240
968
259
535
1631
2903
3607
3326
2226
956
257
544
1645
2914
3609
3317
2213
945
254
552
1657
2925
3611
3309
2200
934
253
561
1672
2937
3613
3301
2185
923
252
568
1685
2947
3615
3293
2172
911
250
576
1698
2961
3616
3284
2159
900
248
585
1712
2971
3619
3277
2145
889
246
593
1725
2981
3619
3268
2131
877
244
602
1739
2992
3622
3259
2118
868
243
611
1753
3006
3623
3250
2105
856
242
619
1769
3015
3625
3242
2089
847
240
627
1782
3025
3626
3234
2075
835
238
637
1797
3036
3627
3222
2062
824
237
645
1810
3047
3628
3215
2047
814
236
655
1824
3056
3630
3205
2034
803
236
663
1837
3067
3631
3196
2022
793
235
674
1852
3076
3630
3185
2007
783
234
683
1865
3087
3631
3175
1993
771
234
693
1880
3097
3632
3167
1978
761
234
703
1893
3108
3632
3157
1965
752
234
711
1907
3117
3631
3147
1951
742
233
721
1921
3126
3633
3138
1937
733
233
731
1934
3137
3632
3128
1925
723
233
740
1948
3146
3632
3118
1910
713
233
751
1962
3155
3632
3109
1897
704
233
760
1975
3165
3631
3099
1883
695
234
770
1990
3174
3631
3089
1869
685
234
780
2004
3185
3630
3079
1854
675
235
790
2018
3195
3630
3069
1841
665
236
801
2033
3203
3629
3059
1826
657
237
812
2046
3213
3628
3047
1812
648
237
822
2058
3222
3627
3037
1800
639
238
833
2073
3231
3625
3027
1784
631
240
844
2087
3241
3624
3016
1771
621
242
855
2100
3249
3623
3006
1757
614
242
865
2115
3258
3622
2994
1741
602
244
876
2129
3267
3620
2983
1729
594
246
887
2142
3276
3618
2973
1715
586
248
898
2156
3283
3616
2962
1701
578
250
908
2169
3292
3615
2951
1688
569
252
921
2183
3301
3613
2938
1675
561
253
932
2196
3309
3612
2927
1663
552
255
944
2210
3317
3609
2916
1648
544
257
955
2224
3325
3606
2905
1634
538
260
966
2238
3333
3603
2894
1620
528
262
978
2251
3341
3601
2883
1606
521
264
988
2266
3349
3598
2871
1593
513
267
999
2280
3356
3595
2859
1580
506
270
1012
2293
3364
3592
2848
1566
498
274
1024
2306
3370
3590
2836
1552
491
276
1035
2320
3377
3587
2825
1538
484
280
1047
2333
3385
3584
2812
1524
476
283
1060
2348
3391
3581
2800
1511
469
286
1071
2361
3399
3576
2789
1496
463
290
1083
2374
3406
3574
2777
1484
455
294
1094
2388
3413
3569
2764
1470
449
298
1107
2403
3420
3566
2753
1457
441
302
1119
2415
3428
3561
2739
1444
433
305
1130
2428
3434
3558
2728
1431
429
310
1142
2441
3440
3554
2717
1418
421
313
1154
2454
3446
3550
2703
1404
415
319
1170
2468
3454
3544
2690
1391
409
323
1181
2481
3460
3538
2678
1377
403
327
1194
2495
3465
3535
2665
1365
397
331
1206
2508
3470
3530
2653
1352
391
336
1219
2523
3476
3525
2642
1338
385
342
1229
2535
3485
3521
2629
1326
380
347
1243
2547
3490
3516
2616
1312
374
353
1255
2560
3495
3511
2604
1299
369
357
1268
2573
3500
3506
2591
1287
365
363
1282
2587
3506
3500
2576
1272
358
369
1295
2600
3510
3494
2564
1259
351
373
1308
2612
3516
3490
2552
1247
346
379
1321
2624
3521
3484
2538
1235
342
385
1335
2637
3525
3478
2525
1222
337
390
1347
2649
3530
3472
2512
1210
332
396
1360
2662
3535
3465
2498
1197
328
402
1373
2674
3539
3460
2485
1186
323
408
1387
2687
3544
3454
2471
1172
318
415
1399
2698
3549
3448
2457
1159
313
421
1413
2710
3554
3442
2445
1146
309
427
1426
2722
3558
3435
2431
1134
305
433
1440
2735
3562
3429
2418
1123
301
441
1453
2749
3566
3421
2405
1110
297
447
1467
2762
3569
3414
2392
1098
294
454
1480
2773
3573
3408
2379
1087
289
461
1492
2785
3577
3401
2366
1075
286
468
1507
2796
3580
3393
2352
1063
284
475
1520
2808
3583
3386
2338
1051
280
481
1534
2822
3586
3379
2325
1040
277
489
1547
2833
3590
3371
2311
1025
273
497
1560
2844
3593
3365
2297
1015
270
503
1575
2857
3596
3357
2285
1003
268
512
1588
2868
3599
3350
2270
991
265
519
1602
2879
3600
3343
2256
981
262
527
1615
2890
3605
3336
2242
970
260
535
1628
2903
3606
3327
2229
958
258
542
1642
2913
3608
3319
2214
946
255
550
1656
2923
3611
3311
2202
935
253
558
1670
2935
3614
3303
2188
924
252
566
1684
2947
3615
3293
2173
912
249
574
1697
2959
3617
3285
2161
901
247
584
1711
2969
3618
3278
2147
890
246
592
1724
2980
3619
3269
2133
880
244
602
1737
2991
3621
3260
2120
869
243
610
1752
3004
3622
3252
2106
857
242
618
1766
3014
3625
3244
2091
847
240
626
1781
3024
3626
3234
2077
835
238
635
1795
3035
3627
3225
2063
825
237
644
1808
3044
3628
3215
2050
815
237
653
1821
3054
3629
3207
2036
804
236
662
1835
3066
3631
3197
2023
795
235
671
1849
3076
3631
3185
2009
784
234
682
1863
3086
3631
3177
1994
773
234
691
1877
3096
3632
3168
1981
763
233
701
1892
3106
3631
3157
1966
753
233
710
1905
3116
3631
3149
1952
743
233
720
1919
3125
3633
3139
1939
735
232
730
1933
3134
3633
3129
1926
724
233
739
1946
3144
3631
3120
1912
715
233
749
1960
3154
3632
3110
1898
704
233
759
1974
3163
3631
3100
1885
696
234
768
1988
3173
3631
3090
1869
686
235
779
2002
3183
3631
3082
1857
676
236
788
2016
3193
3630
3071
1842
669
236
800
2030
3202
3630
3059
1828
657
236
811
2044
3211
3629
3049
1814
649
237
820
2057
3221
3627
3039
1802
640
238
832
2071
3231
3625
3028
1786
631
240
843
2084
3240
3624
3018
1773
623
241
854
2098
3248
3623
3007
1759
615
243
864
2113
3257
3622
2996
1745
604
244
875
2127
3265
3620
2984
1731
596
246
885
2140
3274
3618
2974
1717
588
248
896
2153
3281
3616
2963
1703
580
249
907
2168
3290
3615
2952
1689
572
252
920
2181
3298
3614
2939
1678
562
253
932
2194
3308
3611
2928
1664
554
255
943
2207
3315
3609
2917
1651
546
258
954
2222
3323
3606
2906
1637
538
260
965
2236
3333
3603
2894
1623
530
263
977
2249
3339
3601
2883
1608
522
265
988
2264
3347
3599
2872
1595
515
268
998
2278
3354
3596
2861
1582
507
271
1011
2291
3361
3592
2849
1569
499
274
1023
2305
3369
3589
2838
1554
493
277
1035
2319
3375
3586
2826
1540
485
280
1046
2332
3383
3583
2814
1524
478
283
1059
2344
3390
3580
2802
1512
470
286
1070
2359
3398
3576
2789
1498
464
290
1082
2372
3404
3573
2777
1485
457
293
1094
2386
3411
3568
2765
1472
449
298
1106
2401
3418
3566
2754
1459
443
302
1118
2413
3426
3561
2740
1446
437
305
1130
2427
3432
3558
2729
1432
429
311
1142
2439
3438
3554
2717
1420
422
313
1154
2452
3446
3550
2705
1407
417
319
1168
2467
3452
3545
2692
1392
409
323
1180
2480
3458
3539
2679
1379
404
328
1192
2494
3463
3535
2666
1366
398
331
1204
2506
3470
3530
2654
1353
392
337
1217
2520
3476
3526
2643
1339
387
342
1229
2532
3483
3521
2630
1327
381
346
1242
2545
3489
3517
2617
1313
374
351
1254
2559
3493
3512
2604
1300
370
358
1267
2572
3499
3506
2592
1287
365
363
1279
2584
3504
3501
2578
1275
360
368
1293
2599
3510
3495
2566
1262
352
373
1307
2610
3515
3490
2553
1249
348
378
1319
2624
3521
3485
2539
1236
342
384
1333
2636
3524
3478
2526
1223
337
389
1346
2648
3530
3472
2513
1212
333
396
1359
2660
3534
3466
2500
1199
329
401
1371
2672
3539
3460
2487
1187
324
408
1385
2685
3543
3454
2473
1174
319
414
1399
2697
3548
3448
2459
1161
316
421
1411
2709
3554
3442
2447
1148
311
426
1425
2720
3557
3436
2433
1136
306
433
1438
2733
3561
3430
2419
1124
301
441
1452
2748
3565
3422
2407
1111
298
447
1465
2761
3568
3414
2394
1100
295
454
1479
2771
3572
3408
2381
1089
290
461
1491
2783
3576
3401
2367
1077
287
466
1505
2794
3579
3394
2352
1064
284
474
1519
2807
3582
3387
2340
1053
281
481
1532
2818
3585
3380
2326
1041
277
489
1545
2832
3589
3372
2312
1029
274
497
1559
2842
3592
3366
2299
1017
272
503
1574
2855
3595
3358
2286
1004
268
511
1587
2867
3598
3351
2271
993
266
518
1601
2878
3600
3343
2258
982
263
526
1614
2889
3603
3335
2244
971
260
534
1627
2901
3606
3328
2231
960
258
541
1641
2912
3608
3320
2216
948
255
550
1655
2923
3610
3311
2203
936
253
558
1668
2934
3613
3303
2188
925
252
566
1682
2946
3614
3293
2175
916
250
574
1695
2958
3617
3286
2162
902
248
582
1709
2968
3618
3278
2149
891
247
592
1722
2980
3620
3269
2135
881
245
600
1737
2989
3620
3261
2121
870
243
609
1749
3002
3622
3253
2107
859
242
616
1765
3013
3625
3244
2092
849
240
626
1779
3022
3626
3235
2079
838
239
634
1793
3033
3627
3225
2065
827
238
643
1808
3043
3628
3216
2051
817
237
652
1820
3055
3628
3207
2038
806
236
661
1833
3064
3630
3198
2024
796
236
671
1848
3074
3631
3188
2010
784
234
681
1861
3084
3631
3178
1994
774
234
690
1877
3094
3631
3169
1982
764
234
701
1889
3104
3631
3160
1968
754
233
710
1904
3114
3631
3149
1954
745
234
719
1917
3124
3631
3139
1941
735
233
729
1931
3133
3632
3130
1928
725
232
737
1946
3143
3631
3121
1913
715
233
748
1958
3153
3631
3111
1900
706
234
757
1972
3162
3631
3101
1886
697
234
768
1986
3171
3631
3091
1872
687
235
778
2000
3182
3630
3082
1857
678
235
788
2014
3192
3631
3072
1844
669
236
800
2029
3201
3629
3060
1829
659
236
809
2043
3210
3628
3051
1816
651
237
819
2055
3219
3627
3039
1803
642
238
830
2069
3230
3625
3029
1788
633
240
842
2083
3239
3624
3019
1774
624
242
853
2096
3246
3623
3008
1761
616
243
863
2112
3256
3622
2997
1747
606
244
874
2125
3265
3620
2986
1732
597
246
885
2139
3273
3619
2975
1718
588
248
896
2153
3281
3616
2964
1705
580
250
907
2165
3289
3615
2953
1691
572
252
916
2179
3298
3614
2940
1679
564
253
930
2193
3305
3611
2929
1665
555
254
941
2206
3315
3610
2918
1652
546
256
953
2220
3322
3607
2907
1639
538
259
964
2232
3331
3605
2895
1624
530
261
975
2248
3339
3602
2886
1609
523
264
986
2263
3347
3599
2873
1596
514
267
997
2276
3354
3596
2863
1583
508
269
1009
2290
3361
3594
2851
1570
499
273
1021
2303
3369
3590
2840
1556
493
276
1033
2317
3374
3588
2828
1540
486
279
1045
2330
3382
3584
2815
1527
479
282
1057
2343
3390
3581
2802
1513
471
286
1068
2358
3398
3578
2791
1500
465
289
1081
2371
3404
3574
2779
1487
457
293
1092
2384
3410
3570
2767
1474
451
297
1103
2399
3418
3566
2756
1460
443
301
1115
2412
3426
3562
2741
1447
437
305
1127
2425
3430
3558
2730
1435
431
309
1140
2438
3438
3554
2719
1421
423
313
1154
2450
3444
3550
2706
1407
418
317
1166
2464
3450
3544
2693
1394
411
322
1178
2478
3458
3540
2681
1380
405
327
1190
2492
3464
3536
2668
1368
399
331
1203
2504
3469
3531
2656
1355
393
336
1216
2516
3475
3526
2644
1341
387
341
1227
2531
3481
3522
2632
1329
381
346
1239
2544
3488
3516
2619
1315
376
351
1252
2556
3493
3512
2606
1302
371
357
1266
2570
3498
3506
2594
1290
366
362
1279
2584
3503
3502
2580
1276
360
368
1291
2597
3510
3496
2568
1263
355
373
1305
2608
3514
3490
2555
1250
348
378
1318
2622
3519
3486
2540
1237
342
383
1332
2634
3524
3479
2528
1226
338
389
1344
2647
3528
3473
2514
1214
333
395
1357
2659
3534
3466
2501
1201
329
401
1370
2671
3538
3461
2488
1188
325
407
1383
2683
3542
3454
2473
1174
319
413
1398
2697
3548
3449
2461
1162
313
419
1410
2707
3553
3443
2447
1150
312
425
1423
2719
3556
3437
2435
1137
306
433
1437
2732
3561
3430
2421
1125
302
439
1449
2743
3565
3422
2408
1112
299
445
1463
2759
3568
3416
2395
1101
294
453
1476
2770
3572
3410
2382
1090
291
459
1490
2782
3575
3402
2368
1077
288
466
1503
2793
3579
3395
2355
1067
284
473
1517
2806
3582
3387
2340
1053
281
481
1531
2818
3585
3381
2328
1041
278
488
1544
2830
3589
3373
2315
1029
275
496
1557
2841
3592
3366
2300
1018
271
502
1572
2854
3595
3359
2288
1006
268
510
1586
2866
3598
3352
2272
994
266
517
1599
2877
3600
3344
2259
983
264
525
1612
2887
3603
3336
2246
972
261
532
1624
2900
3606
3328
2232
961
257
541
1640
2911
3608
3321
2218
949
256
549
1653
2921
3610
3313
2204
938
253
558
1667
2933
3612
3305
2190
927
252
566
1680
2945
3614
3295
2176
916
250
574
1693
2955
3615
3287
2164
904
248
582
1707
2967
3617
3278
2151
893
247
590
1720
2978
3619
3271
2137
882
245
600
1734
2989
3621
3262
2123
871
244
607
1749
3001
3622
3253
2107
860
242
616
1764
3011
3624
3245
2095
850
240
625
1777
3022
3625
3236
2079
840
239
634
1792
3032
3626
3226
2067
828
239
642
1806
3042
3628
3217
2053
818
237
651
1819
3054
3628
3208
2040
807
237
660
1833
3064
3630
3199
2026
796
235
671
1846
3073
3630
3189
2012
786
235
680
1859
3082
3631
3179
1998
776
234
689
1875
3094
3631
3171
1983
766
233
699
1889
3103
3631
3160
1970
755
233
709
1902
3113
3632
3151
1956
745
233
718
1917
3124
3631
3141
1942
736
233
727
1929
3132
3632
3131
1930
726
233
737
1943
3142
3632
3122
1915
717
234
747
1957
3152
3632
3113
1902
707
234
756
1970
3161
3631
3103
1888
699
234
766
1984
3170
3631
3092
1874
689
234
776
1998
3180
3630
3083
1859
679
236
787
2013
3190
3630
3073
1845
670
236
796
2027
3199
3629
3063
1831
660
236
808
2041
3209
3628
3052
1818
651
236
818
2054
3219
3627
3041
1806
644
238
829
2068
3227
3626
3031
1789
634
240
841
2080
3238
3624
3021
1776
625
241
852
2095
3245
3623
3009
1763
617
242
861
2110
3255
3622
2998
1748
606
244
872
2123
3263
3620
2987
1734
598
246
883
2137
3271
3619
2977
1720
590
247
894
2151
3280
3616
2965
1706
581
250
905
2164
3289
3615
2955
1693
574
252
916
2177
3297
3614
2942
1680
564
253
929
2192
3305
3611
2931
1667
557
254
940
2204
3313
3610
2919
1654
548
256
952
2219
3322
3607
2908
1640
540
258
963
2232
3329
3604
2897
1627
531
261
973
2246
3338
3602
2886
1611
523
264
984
2260
3345
3599
2874
1599
515
268
996
2274
3353
3597
2863
1585
509
269
1007
2289
3360
3594
2852
1571
502
273
1018
2301
3368
3591
2841
1557
494
275
1031
2316
3374
3588
2829
1543
486
278
1043
2328
3382
3585
2816
1528
479
282
1055
2341
3388
3581
2805
1514
472
285
1067
2356
3396
3578
2793
1502
465
289
1079
2368
3403
3574
2780
1489
458
293
1091
2383
3410
3571
2768
1475
451
296
1102
2398
3418
3566
2758
1462
444
301
1114
2409
3424
3563
2744
1448
437
304
1126
2423
3430
3558
2732
1435
432
309
1138
2436
3438
3555
2721
1423
424
313
1150
2449
3444
3550
2708
1409
418
317
1164
2464
3450
3546
2695
1395
411
321
1176
2476
3457
3541
2681
1383
405
326
1189
2488
3462
3536
2670
1370
399
329
1201
2502
3469
3532
2659
1356
393
335
1213
2516
3474
3527
2646
1343
388
340
1225
2529
3481
3522
2633
1331
382
345
1237
2542
3488
3517
2620
1317
377
350
1251
2555
3492
3513
2608
1303
372
356
1264
2568
3498
3507
2596
1291
366
362
1277
2580
3502
3502
2584
1279
360
367
1290
2595
3508
3497
2569
1264
355
372
1303
2608
3513
3491
2556
1252
349
377
1315
2620
3519
3487
2542
1239
344
383
1330
2632
3523
3480
2530
1228
340
388
1342
2646
3527
3474
2516
1215
333
394
1355
2657
3533
3468
2503
1203
329
401
1368
2669
3538
3462
2490
1190
325
405
1381
2681
3542
3456
2478
1178
320
413
1395
2694
3546
3450
2462
1164
316
419
1408
2708
3550
3444
2449
1153
313
425
1421
2718
3556
3438
2436
1139
306
433
1435
2730
3560
3430
2423
1127
303
438
1448
2742
3564
3423
2410
1114
299
445
1462
2757
3568
3417
2397
1102
295
452
1475
2768
3572
3410
2384
1092
291
459
1488
2780
3575
3402
2370
1080
287
466
1501
2792
3579
3396
2357
1067
285
473
1515
2804
3582
3389
2342
1055
281
479
1529
2816
3584
3382
2329
1043
278
487
1543
2828
3588
3375
2316
1030
275
494
1555
2840
3591
3369
2302
1020
272
501
1570
2852
3595
3361
2290
1007
268
509
1584
2864
3598
3353
2274
996
267
516
1598
2875
3600
3345
2261
984
264
524
1610
2886
3602
3337
2248
974
261
531
1624
2897
3605
3329
2234
963
258
540
1638
2909
3608
3321
2220
950
256
548
1651
2919
3611
3313
2206
940
253
556
1664
2931
3613
3305
2191
928
252
564
1679
2943
3614
3296
2178
916
251
573
1692
2955
3616
3288
2165
904
248
581
1705
2966
3617
3280
2152
894
247
590
1719
2976
3619
3272
2138
883
245
598
1732
2987
3621
3263
2123
872
244
607
1748
2998
3622
3255
2111
862
242
614
1761
3010
3624
3245
2096
851
240
624
1775
3020
3625
3237
2082
841
239
632
1789
3031
3627
3227
2069
829
238
641
1804
3040
3627
3218
2055
819
237
650
1817
3052
3628
3209
2042
808
236
659
1830
3060
3630
3200
2027
796
236
669
1844
3072
3631
3191
2014
787
235
679
1859
3082
3631
3180
2000
777
234
687
1873
3093
3631
3171
1985
767
233
697
1887
3103
3631
3161
1972
756
234
707
1901
3112
3632
3152
1958
747
233
717
1915
3122
3631
3142
1944
737
233
726
1928
3131
3632
3133
1931
727
232
736
1942
3141
3632
3124
1917
719
234
745
1955
3151
3631
3113
1903
709
233
755
1969
3160
3631
3104
1889
699
233
765
1982
3169
3631
3093
1875
690
234
775
1997
3179
3630
3085
1861
679
235
785
2011
3189
3630
3075
1849
671
235
796
2025
3199
3630
3063
1833
660
236
807
2039
3208
3628
3052
1820
652
237
817
2052
3217
3627
3043
1807
643
237
828
2066
3226
3626
3032
1791
634
239
839
2079
3236
3625
3022
1778
626
241
850
2093
3245
3624
3011
1764
618
242
861
2107
3253
3623
3001
1749
607
244
871
2123
3262
3620
2989
1735
600
245
882
2135
3271
3619
2979
1721
590
247
893
2149
3278
3617
2967
1708
582
250
904
2162
3288
3615
2955
1695
574
251
916
2176
3296
3614
2944
1682
565
252
927
2189
3305
3612
2932
1668
557
254
938
2204
3313
3611
2921
1655
548
256
950
2217
3321
3608
2910
1641
541
258
961
2232
3329
3604
2899
1627
532
261
972
2244
3337
3602
2887
1613
524
264
983
2258
3344
3599
2877
1600
517
267
995
2272
3352
3598
2865
1586
510
269
1006
2287
3359
3594
2854
1573
502
272
1017
2299
3367
3590
2842
1559
495
275
1029
2313
3374
3588
2830
1545
487
278
1042
2327
3381
3585
2818
1530
481
282
1053
2340
3387
3582
2806
1516
472
284
1065
2352
3395
3578
2794
1503
466
289
1077
2368
3402
3574
2782
1490
459
293
1090
2380
3410
3571
2770
1476
452
295
1100
2396
3416
3567
2759
1463
445
300
1112
2408
3423
3563
2747
1450
438
303
1124
2421
3430
3560
2734
1437
432
307
1137
2435
3437
3556
2722
1424
425
313
1149
2448
3444
3550
2709
1411
418
316
1162
2463
3450
3546
2697
1398
411
321
1175
2475
3457
3542
2684
1384
405
325
1187
2488
3462
3538
2671
1371
400
329
1200
2500
3468
3532
2659
1358
394
335
1212
2513
3474
3528
2648
1344
389
339
1223
2528
3480
3523
2635
1332
382
344
1237
2541
3487
3518
2622
1318
377
350
1250
2554
3492
3513
2610
1305
372
356
1263
2566
3497
3508
2597
1293
367
361
1275
2580
3502
3503
2584
1279
362
366
1287
2594
3508
3498
2571
1267
356
372
1301
2606
3514
3492
2557
1253
350
376
1314
2619
3518
3488
2544
1241
345
382
1329
2631
3523
3480
2531
1228
339
388
1340
2644
3528
3474
2519
1216
334
393
1354
2655
3533
3469
2504
1203
329
400
1367
2668
3538
3462
2491
1191
326
406
1379
2680
3541
3457
2479
1180
321
412
1392
2693
3546
3450
2465
1166
317
418
1407
2707
3550
3444
2450
1154
313
424
1420
2716
3556
3438
2438
1141
307
431
1432
2728
3558
3430
2425
1128
303
437
1447
2740
3564
3424
2412
1116
300
444
1460
2755
3566
3418
2398
1104
296
451
1474
2767
3571
3411
2385
1093
292
459
1487
2778
3575
3404
2372
1081
289
465
1499
2790
3578
3397
2358
1069
285
471
1514
2802
3582
3390
2344
1057
283
479
1527
2814
3584
3383
2332
1045
279
486
1541
2826
3588
3375
2318
1032
275
493
1554
2838
3591
3369
2304
1021
272
500
1570
2850
3594
3361
2291
1009
269
507
1582
2862
3597
3354
2276
997
267
515
1595
2873
3599
3345
2264
985
264
523
1609
2885
3602
3338
2249
975
261
531
1622
2896
3605
3331
2236
964
258
538
1636
2907
3608
3323
2221
952
256
546
1648
2919
3609
3315
2208
941
254
555
1663
2930
3613
3305
2194
930
253
563
1676
2941
3614
3297
2180
918
251
572
1690
2953
3615
3290
2167
906
249
579
1704
2963
3617
3281
2154
896
247
588
1717
2975
3619
3274
2140
884
245
596
1730
2986
3621
3264
2126
874
244
605
1744
2996
3622
3256
2113
864
242
613
1760
3008
3624
3247
2099
853
240
622
1773
3019
3625
3239
2083
842
239
631
1787
3029
3626
3230
2070
830
238
640
1802
3039
3627
3219
2057
820
237
649
1815
3051
3628
3210
2043
810
236
658
1828
3060
3630
3201
2030
800
236
669
1842
3071
3630
3192
2016
788
235
678
1857
3080
3631
3183
2002
779
234
687
1869
3091
3631
3173
1987
768
234
695
1885
3101
3632
3163
1974
757
233
705
1898
3111
3631
3153
1960
748
233
715
1913
3121
3632
3143
1946
739
234
725
1927
3129
3632
3134
1933
729
233
735
1939
3140
3633
3125
1919
719
233
744
1953
3149
3632
3115
1905
710
233
753
1967
3159
3632
3104
1891
700
233
764
1981
3169
3631
3094
1878
691
234
773
1994
3178
3631
3086
1863
681
234
784
2009
3188
3630
3075
1849
671
235
795
2024
3198
3629
3066
1835
661
236
805
2038
3206
3629
3054
1822
653
236
815
2050
3217
3628
3044
1808
645
238
826
2063
3225
3627
3034
1794
636
240
836
2078
3235
3624
3023
1780
627
240
849
2091
3244
3623
3012
1766
618
242
858
2107
3253
3623
3003
1749
608
243
869
2120
3261
3620
2990
1737
599
244
880
2133
3269
3619
2980
1723
591
247
891
2147
3278
3617
2968
1710
583
248
902
2161
3286
3616
2957
1696
574
251
915
2174
3295
3614
2946
1685
566
252
924
2188
3305
3613
2934
1671
558
253
937
2202
3312
3611
2923
1657
549
256
948
2215
3321
3609
2911
1643
541
258
960
2230
3328
3606
2901
1630
533
261
970
2243
3336
3603
2888
1615
525
264
982
2256
3344
3600
2878
1602
518
266
993
2270
3352
3598
2867
1588
510
269
1004
2285
3357
3595
2855
1575
503
271
1015
2298
3367
3592
2844
1560
496
274
1029
2311
3373
3589
2832
1546
488
278
1040
2325
3380
3586
2820
1532
481
281
1052
2339
3387
3582
2807
1519
473
285
1063
2352
3394
3579
2795
1505
466
288
1076
2366
3401
3575
2783
1491
460
291
1088
2379
3408
3572
2772
1478
453
295
1098
2392
3415
3568
2761
1464
447
300
1111
2406
3422
3564
2748
1452
439
303
1124
2420
3430
3560
2735
1439
433
306
1135
2433
3436
3557
2725
1427
425
312
1147
2446
3443
3550
2709
1412
419
316
1162
2461
3449
3547
2697
1399
413
320
1174
2474
3456
3542
2685
1385
406
325
1186
2486
3462
3538
2673
1373
401
329
1198
2499
3468
3533
2661
1359
394
334
1211
2512
3473
3528
2649
1347
389
339
1222
2527
3479
3524
2636
1334
382
344
1235
2539
3486
3519
2624
1319
377
349
1247
2552
3491
3514
2612
1307
372
354
1260
2564
3497
3509
2600
1295
367
360
1273
2578
3502
3504
2586
1279
361
365
1287
2592
3508
3498
2572
1267
356
371
1299
2605
3513
3493
2560
1255
349
376
1312
2617
3517
3489
2545
1243
345
381
1327
2630
3522
3481
2533
1230
341
387
1339
2643
3526
3476
2521
1218
335
393
1352
2654
3532
3470
2506
1205
330
398
1365
2666
3537
3463
2494
1193
326
405
1378
2679
3541
3457
2480
1181
321
410
1391
2691
3545
3451
2465
1168
317
417
1405
2705
3550
3445
2453
1154
313
423
1418
2714
3555
3440
2441
1142
307
429
1431
2726
3559
3433
2427
1130
304
437
1445
2738
3563
3426
2414
1117
300
443
1458
2754
3566
3418
2400
1105
296
449
1471
2765
3571
3412
2386
1094
293
457
1484
2777
3574
3405
2374
1083
288
464
1499
2788
3578
3398
2360
1071
285
471
1511
2802
3581
3391
2346
1059
283
478
1526
2813
3584
3384
2332
1045
279
486
1539
2826
3588
3377
2320
1034
275
492
1552
2838
3591
3369
2305
1022
273
499
1568
2849
3594
3362
2292
1011
269
506
1580
2861
3597
3355
2279
998
267
514
1594
2872
3599
3346
2264
987
265
522
1607
2885
3601
3339
2251
977
261
530
1620
2894
3605
3331
2237
966
258
538
1635
2907
3607
3323
2223
953
257
546
1648
2917
3609
3315
2209
942
254
554
1661
2929
3611
3307
2196
931
253
562
1676
2939
3614
3298
2182
920
251
570
1689
2952
3615
3291
2169
907
249
579
1702
2963
3617
3282
2155
896
247
587
1716
2974
3619
3274
2141
886
245
595
1729
2984
3621
3265
2127
875
244
604
1743
2995
3623
3257
2114
865
242
612
1758
3007
3624
3248
2100
855
240
621
1771
3018
3625
3240
2085
843
239
629
1785
3028
3627
3231
2072
831
238
639
1800
3038
3628
3220
2058
820
237
647
1813
3050
3628
3211
2045
811
236
658
1827
3060
3630
3203
2032
800
236
667
1840
3068
3631
3193
2018
790
235
676
1855
3080
3631
3185
2004
780
234
686
1869
3089
3631
3174
1989
769
234
695
1883
3100
3632
3164
1976
759
232
704
1897
3109
3632
3155
1962
749
233
714
1910
3120
3632
3145
1947
739
233
724
1925
3128
3633
3136
1934
730
232
734
1937
3139
3632
3125
1921
720
233
743
1952
3148
3632
3116
1906
711
233
752
1965
3157
3632
3106
1893
701
233
762
1979
3167
3632
3096
1879
692
234
772
1994
3177
3631
3088
1865
683
235
783
2008
3185
3630
3077
1851
671
235
794
2022
3197
3630
3067
1837
663
236
804
2036
3206
3629
3055
1823
654
236
814
2049
3216
3627
3045
1809
647
237
825
2062
3224
3627
3035
1796
636
239
836
2076
3234
3626
3025
1781
627
240
847
2090
3244
3623
3013
1767
618
242
858
2105
3251
3623
3004
1753
609
243
868
2119
3260
3621
2992
1738
601
244
878
2131
3269
3619
2981
1725
592
246
889
2146
3277
3619
2970
1711
584
248
900
2159
3285
3616
2959
1698
576
250
912
2172
3293
3614
2947
1687
566
252
924
2187
3303
3613
2935
1672
558
253
935
2200
3311
3611
2923
1659
550
255
948
2213
3319
3609
2913
1645
542
257
958
2227
3327
3606
2902
1631
534
260
969
2240
3336
3604
2890
1617
526
263
980
2255
3343
3601
2880
1603
518
265
991
2268
3351
3598
2869
1589
510
268
1003
2284
3357
3595
2857
1577
504
271
1014
2296
3366
3592
2846
1562
496
274
1027
2310
3371
3590
2834
1547
489
277
1039
2324
3379
3586
2822
1534
482
280
1050
2336
3386
3583
2810
1520
475
284
1062
2352
3393
3580
2797
1507
467
287
1074
2364
3401
3576
2785
1494
460
291
1086
2376
3408
3573
2774
1480
454
294
1097
2393
3415
3568
2762
1467
447
299
1110
2404
3422
3565
2751
1454
440
303
1121
2418
3430
3561
2736
1441
433
306
1134
2431
3436
3557
2725
1428
426
311
1146
2444
3442
3552
2713
1415
421
313
1160
2459
3448
3549
2700
1399
413
320
1172
2472
3454
3543
2687
1387
407
324
1184
2484
3461
3538
2675
1374
402
329
1196
2498
3466
3534
2662
1361
395
333
1209
2510
3472
3530
2650
1348
390
338
1220
2524
3478
3524
2638
1336
384
343
1233
2538
3486
3520
2625
1322
379
349
1246
2551
3491
3515
2614
1309
373
353
1258
2564
3495
3510
2600
1295
368
359
1271
2576
3501
3505
2588
1283
363
365
1285
2590
3506
3499
2574
1269
357
370
1297
2603
3512
3493
2561
1257
351
375
1311
2616
3517
3489
2548
1244
346
380
1325
2628
3521
3482
2535
1232
341
386
1338
2640
3525
3476
2523
1219
337
393
1350
2652
3531
3470
2508
1207
331
398
1363
2664
3536
3464
2496
1194
327
404
1376
2677
3540
3458
2482
1183
321
410
1389
2689
3544
3452
2468
1170
318
417
1403
2703
3550
3446
2454
1158
313
423
1416
2713
3554
3440
2441
1144
309
429
1430
2725
3558
3433
2428
1132
306
436
1443
2737
3562
3426
2416
1120
301
443
1457
2752
3566
3418
2402
1107
298
449
1470
2763
3570
3412
2389
1096
294
457
1483
2775
3574
3406
2376
1084
289
464
1496
2787
3577
3398
2362
1073
286
470
1511
2799
3580
3391
2348
1060
283
477
1524
2811
3584
3384
2335
1048
280
485
1537
2824
3587
3377
2321
1035
276
492
1551
2836
3590
3370
2308
1024
273
499
1566
2846
3593
3362
2293
1012
270
506
1579
2859
3597
3355
2281
1000
268
514
1592
2871
3598
3347
2266
989
266
522
1606
2882
3601
3340
2253
979
262
529
1618
2893
3605
3333
2239
967
260
538
1632
2906
3606
3325
2225
955
257
546
1646
2916
3608
3315
2212
944
254
554
1659
2927
3611
3309
2198
932
253
562
1674
2938
3614
3299
2184
922
252
570
1688
2949
3615
3292
2171
908
249
578
1700
2962
3617
3283
2157
898
248
586
1713
2971
3618
3275
2143
888
246
594
1727
2983
3620
3266
2130
877
244
604
1741
2994
3621
3258
2116
866
243
611
1756
3006
3623
3249
2101
856
241
620
1770
3016
3625
3241
2087
845
240
628
1783
3026
3625
3232
2074
833
238
638
1798
3037
3627
3221
2061
823
238
646
1812
3048
3628
3212
2046
812
237
656
1825
3058
3630
3203
2033
803
236
665
1839
3068
3630
3195
2018
793
235
675
1853
3077
3631
3185
2006
782
234
685
1868
3088
3631
3175
1992
770
234
694
1881
3098
3631
3165
1977
761
234
704
1895
3108
3631
3156
1964
751
233
713
1909
3118
3631
3145
1950
741
234
723
1923
3127
3632
3136
1936
732
234
733
1935
3138
3632
3126
1923
722
233
741
1950
3146
3631
3117
1908
713
233
752
1963
3156
3631
3108
1895
703
234
761
1977
3166
3631
3097
1881
694
234
771
1992
3176
3630
3089
1867
684
236
781
2005
3185
3630
3079
1853
675
236
792
2020
3196
3630
3067
1838
664
236
803
2034
3204
3629
3057
1824
655
237
812
2047
3214
3628
3047
1811
647
237
824
2061
3223
3627
3036
1798
638
239
834
2075
3233
3625
3026
1783
629
241
847
2088
3242
3623
3015
1769
620
241
856
2103
3251
3623
3006
1755
611
243
867
2117
3260
3622
2993
1740
602
244
877
2131
3268
3620
2982
1727
594
246
888
2144
3276
3617
2971
1713
586
248
900
2157
3284
3616
2960
1700
577
250
910
2171
3293
3614
2947
1687
568
252
922
2185
3301
3613
2936
1674
558
253
934
2198
3309
3610
2925
1661
551
255
946
2212
3318
3608
2915
1647
544
257
956
2225
3325
3606
2903
1633
536
260
968
2240
3334
3603
2892
1619
527
262
980
2253
3341
3601
2881
1604
520
265
989
2267
3349
3598
2870
1591
512
268
1001
2282
3356
3596
2858
1579
506
271
1013
2294
3364
3592
2846
1566
497
274
1026
2308
3371
3590
2835
1550
489
277
1037
2322
3378
3586
2822
1536
483
281
1049
2335
3385
3583
2810
1522
475
284
1061
2349
3392
3580
2799
1508
468
287
1073
2362
3400
3576
2787
1495
462
292
1086
2376
3406
3572
2775
1481
455
294
1096
2390
3413
3569
2763
1468
449
298
1108
2403
3420
3566
2752
1455
441
302
1120
2417
3428
3561
2737
1442
433
306
1132
2430
3434
3558
2727
1429
427
311
1144
2442
3441
3553
2715
1416
421
313
1158
2456
3446
3549
2701
1402
415
319
1170
2470
3454
3543
2689
1389
408
324
1183
2483
3460
3538
2676
1375
402
329
1196
2496
3465
3534
2664
1363
397
333
1208
2509
3472
3529
2651
1350
391
338
1219
2524
3478
3525
2639
1337
385
343
1232
2537
3485
3520
2627
1324
378
348
1245
2548
3490
3515
2614
1310
373
353
1257
2562
3495
3511
2602
1296
369
359
1270
2574
3501
3505
2588
1285
364
364
1283
2590
3506
3499
2575
1270
357
369
1295
2602
3511
3494
2562
1259
351
374
1310
2614
3516
3489
2548
1245
346
380
1322
2627
3521
3482
2536
1233
341
386
1337
2639
3526
3477
2523
1220
337
391
1349
2651
3531
3470
2510
1209
331
397
1361
2664
3536
3465
2497
1196
326
403
1375
2676
3540
3459
2483
1184
322
409
1388
2688
3546
3453
2469
1170
319
415
1402
2701
3550
3446
2455
1158
313
421
1415
2712
3555
3441
2443
1145
309
428
1428
2724
3558
3434
2430
1132
305
433
1441
2736
3562
3428
2416
1120
301
441
1455
2751
3566
3420
2403
1108
297
449
1468
2762
3570
3414
2390
1097
294
455
1482
2774
3574
3406
2377
1085
289
463
1494
2786
3576
3400
2364
1074
285
469
1509
2798
3580
3393
2352
1061
284
476
1523
2810
3583
3386
2336
1049
280
483
1535
2822
3587
3378
2323
1037
277
491
1549
2835
3590
3370
2309
1025
273
498
1563
2846
3593
3364
2295
1013
270
505
1578
2858
3596
3357
2282
1001
268
513
1591
2869
3598
3349
2267
990
265
520
1603
2881
3601
3341
2254
979
262
528
1618
2891
3604
3334
2240
968
260
536
1631
2904
3606
3326
2226
956
257
544
1644
2915
3608
3317
2213
945
255
552
1657
2926
3611
3309
2200
934
253
561
1672
2937
3613
3301
2185
923
252
569
1685
2947
3615
3293
2172
911
249
576
1698
2960
3616
3284
2159
900
248
586
1712
2970
3618
3276
2145
888
246
594
1726
2982
3619
3268
2131
878
244
602
1739
2993
3621
3259
2119
867
243
611
1755
3006
3622
3250
2104
856
242
619
1768
3015
3625
3242
2089
846
240
628
1782
3026
3625
3233
2075
834
238
636
1796
3035
3627
3222
2062
825
237
645
1809
3047
3628
3214
2047
814
236
655
1824
3056
3629
3205
2034
804
236
664
1837
3067
3630
3195
2020
792
235
673
1852
3076
3631
3185
2007
783
234
683
1865
3087
3630
3177
1994
772
234
693
1879
3097
3631
3167
1979
762
234
703
1893
3108
3631
3157
1965
752
233
712
1908
3117
3632
3147
1951
743
234
721
1921
3126
3632
3138
1937
733
233
731
1934
3136
3632
3127
1925
724
232
740
1949
3145
3632
3118
1910
713
233
750
1962
3155
3631
3108
1897
704
234
760
1975
3165
3631
3099
1883
695
234
770
1989
3173
3631
3090
1869
685
235
780
2004
3185
3630
3079
1855
675
235
790
2018
3195
3630
3069
1841
665
236
801
2033
3203
3629
3058
1826
657
237
812
2046
3212
3627
3047
1813
647
237
822
2059
3221
3626
3038
1799
639
239
832
2073
3232
3625
3027
1784
631
240
845
2086
3241
3624
3016
1771
621
242
855
2099
3249
3623
3006
1756
614
242
866
2115
3259
3621
2994
1742
603
244
876
2129
3267
3619
2983
1729
595
246
887
2142
3275
3618
2973
1715
586
248
898
2156
3283
3616
2961
1701
578
251
908
2170
3291
3615
2950
1688
569
252
921
2184
3301
3613
2938
1675
561
253
932
2197
3309
3612
2927
1662
552
255
944
2210
3317
3609
2915
1648
545
257
955
2224
3324
3606
2904
1635
536
260
967
2237
3333
3603
2893
1620
528
262
978
2251
3340
3601
2882
1606
521
265
989
2265
3349
3599
2871
1593
514
268
1000
2280
3355
3596
2859
1580
506
271
1012
2292
3363
3592
2848
1567
498
273
1024
2306
3370
3590
2837
1552
492
276
1035
2320
3377
3587
2826
1538
483
279
1047
2333
3384
3584
2812
1524
476
283
1059
2347
3391
3580
2800
1510
469
287
1071
2360
3399
3576
2788
1496
463
290
1083
2374
3405
3573
2777
1484
456
294
1094
2388
3412
3569
2764
1470
449
298
1106
2402
3419
3566
2753
1457
441
301
1118
2414
3426
3561
2739
1444
433
305
1130
2428
3434
3558
2728
1431
428
310
1143
2441
3440
3554
2717
1418
421
313
1154
2454
3446
3550
2703
1405
416
319
1169
2468
3453
3543
2690
1391
409
323
1181
2480
3459
3539
2677
1377
403
328
1194
2494
3465
3534
2665
1364
397
332
1206
2507
3470
3530
2653
1352
391
337
1218
2521
3476
3525
2641
1338
385
342
1230
2534
3484
3520
2629
1326
380
347
1243
2547
3489
3515
2616
1312
374
352
1255
2560
3495
3511
2604
1299
370
358
1268
2572
3500
3506
2590
1287
364
363
1281
2587
3506
3500
2576
1272
358
369
1295
2600
3510
3495
2564
1260
352
373
1308
2612
3515
3490
2552
1247
346
379
1320
2624
3521
3485
2538
1235
342
384
1335
2636
3525
3478
2525
1222
337
391
1347
2649
3530
3471
2512
1210
333
396
1360
2661
3535
3466
2499
1198
328
402
1373
2674
3538
3460
2486
1186
323
409
1387
2686
3544
3453
2471
1171
319
414
1399
2699
3549
3448
2457
1160
313
421
1413
2710
3554
3442
2445
1147
310
426
1427
2722
3558
3435
2432
1135
305
433
1439
2734
3562
3429
2418
1122
301
441
1453
2749
3566
3421
2405
1110
298
449
1466
2761
3568
3414
2392
1098
294
454
1479
2772
3573
3407
2380
1087
290
461
1493
2784
3577
3401
2366
1075
287
468
1506
2796
3580
3394
2352
1063
284
475
1521
2808
3583
3386
2339
1051
281
482
1533
2821
3586
3379
2324
1040
277
490
1546
2832
3590
3371
2311
1027
274
497
1560
2844
3592
3365
2297
1015
270
503
1575
2856
3596
3357
2284
1003
268
512
1589
2868
3598
3349
2270
992
265
519
1602
2879
3600
3343
2256
981
263
526
1615
2889
3604
3335
2242
970
260
535
1629
2902
3606
3327
2230
958
257
543
1643
2913
3609
3319
2215
946
255
551
1656
2924
3611
3309
2202
935
253
558
1670
2935
3613
3301
2187
924
252
567
1684
2947
3615
3293
2173
913
250
575
1697
2959
3616
3285
2160
901
248
584
1710
2970
3618
3277
2147
890
247
592
1724
2980
3620
3269
2133
880
244
602
1737
2991
3621
3260
2120
869
244
610
1752
3004
3623
3251
2106
858
242
617
1766
3013
3624
3243
2090
848
240
627
1780
3023
3625
3235
2078
836
239
635
1794
3034
3626
3224
2063
826
237
644
1809
3046
3628
3216
2050
816
236
653
1822
3055
3628
3206
2036
804
236
663
1836
3065
3630
3197
2023
794
236
671
1849
3076
3631
3188
2010
784
234
682
1863
3085
3631
3177
1994
773
234
691
1878
3096
3631
3168
1981
763
233
701
1892
3106
3632
3158
1966
753
234
711
1905
3115
3631
3149
1953
744
233
720
1919
3125
3631
3139
1939
735
233
730
1933
3134
3632
3129
1925
724
232
739
1946
3145
3632
3120
1911
715
232
748
1960
3154
3631
3110
1899
705
234
759
1974
3164
3631
3100
1885
697
234
768
1988
3173
3630
3090
1869
686
235
780
2002
3184
3630
3081
1857
677
236
790
2016
3193
3630
3071
1842
667
236
800
2030
3201
3629
3060
1828
658
236
811
2044
3211
3628
3050
1815
649
237
821
2057
3221
3627
3038
1801
640
238
831
2071
3230
3626
3028
1786
632
241
843
2084
3240
3624
3018
1773
623
242
855
2098
3247
3623
3007
1759
615
242
865
2113
3257
3622
2995
1744
604
244
875
2127
3265
3620
2985
1730
595
246
886
2140
3274
3618
2974
1717
587
248
897
2154
3282
3616
2963
1704
578
250
907
2167
3290
3615
2952
1689
572
252
920
2181
3298
3614
2939
1677
562
253
932
2195
3307
3612
2928
1664
554
254
942
2208
3316
3609
2917
1650
546
257
953
2221
3323
3607
2906
1637
538
259
965
2236
3333
3604
2895
1622
529
262
976
2249
3340
3602
2885
1608
521
265
987
2264
3347
3599
2872
1595
513
267
998
2279
3354
3597
2861
1581
507
270
1010
2291
3362
3592
2850
1568
499
273
1022
2304
3369
3589
2838
1554
492
276
1034
2319
3376
3587
2826
1540
485
280
1045
2332
3383
3584
2813
1524
477
283
1059
2344
3390
3581
2802
1512
469
286
1069
2359
3398
3577
2790
1498
463
289
1082
2372
3405
3574
2778
1484
456
293
1093
2386
3412
3570
2766
1472
449
297
1106
2401
3418
3566
2755
1459
441
301
1117
2414
3426
3562
2741
1445
435
305
1128
2426
3433
3558
2729
1433
429
309
1142
2439
3440
3554
2717
1420
422
313
1154
2452
3446
3550
2705
1406
416
318
1167
2467
3453
3546
2691
1391
409
321
1180
2480
3459
3540
2679
1379
403
327
1192
2493
3464
3535
2667
1366
397
332
1204
2506
3470
3531
2654
1354
392
337
1217
2520
3475
3526
2643
1340
387
341
1228
2532
3482
3521
2630
1327
381
346
1242
2546
3489
3516
2617
1313
375
352
1254
2558
3494
3511
2604
1301
370
357
1267
2572
3498
3506
2592
1288
365
362
1279
2584
3505
3501
2578
1274
359
368
1293
2598
3510
3496
2566
1261
353
373
1307
2611
3515
3490
2553
1249
347
379
1319
2624
3521
3486
2540
1236
343
384
1333
2635
3524
3478
2526
1224
338
389
1346
2648
3530
3472
2513
1212
333
396
1359
2661
3534
3466
2500
1199
329
402
1371
2673
3538
3460
2487
1187
324
408
1385
2685
3543
3454
2473
1173
319
414
1399
2697
3549
3448
2459
1162
315
421
1411
2709
3553
3443
2446
1148
310
426
1424
2721
3558
3436
2433
1136
305
433
1439
2734
3562
3429
2420
1124
301
440
1452
2747
3565
3422
2407
1111
298
447
1465
2760
3569
3415
2393
1099
295
453
1478
2771
3572
3408
2380
1088
290
460
1491
2783
3576
3402
2367
1077
286
467
1505
2795
3580
3394
2352
1064
284
474
1519
2808
3583
3387
2340
1052
281
481
1532
2819
3586
3380
2326
1041
277
489
1546
2832
3589
3373
2313
1028
273
496
1559
2843
3592
3366
2299
1017
271
503
1573
2855
3596
3359
2286
1005
268
510
1587
2867
3598
3352
2271
993
265
518
1601
2878
3600
3344
2258
981
262
526
1614
2888
3604
3335
2244
971
261
534
1627
2901
3606
3328
2231
960
257
542
1640
2912
3608
3320
2216
948
255
549
1655
2923
3611
3312
2203
936
253
558
1668
2935
3613
3304
2188
926
252
566
1683
2946
3615
3295
2175
915
251
574
1695
2958
3616
3287
2162
902
248
583
1709
2968
3618
3278
2148
891
246
591
1723
2979
3619
3270
2135
880
244
600
1737
2990
3621
3261
2122
870
243
609
1749
3003
3622
3253
2107
859
242
616
1765
3012
3624
3244
2093
849
241
626
1779
3022
3625
3235
2079
839
239
634
1793
3033
3627
3225
2065
827
237
643
1808
3043
3628
3216
2051
817
237
652
1820
3055
3628
3207
2038
806
236
661
1834
3064
3630
3198
2024
796
236
671
1849
3074
3631
3188
2010
784
234
681
1862
3084
3631
3178
1996
775
234
690
1877
3095
3632
3169
1982
764
234
700
1891
3105
3631
3159
1968
754
233
709
1904
3115
3632
3150
1954
744
233
719
1917
3124
3631
3140
1941
735
232
729
1931
3133
3633
3130
1928
725
233
738
1946
3144
3632
3121
1913
716
233
748
1959
3153
3631
3111
1899
706
233
758
1972
3163
3632
3101
1885
697
234
767
1986
3172
3631
3092
1872
687
234
778
2000
3183
3630
3083
1857
678
236
788
2015
3192
3630
3071
1843
668
235
796
2029
3201
3630
3061
1829
659
236
809
2042
3209
3629
3051
1816
650
237
820
2056
3220
3628
3040
1803
641
238
830
2069
3230
3626
3030
1787
632
240
842
2082
3239
3624
3019
1773
623
241
853
2096
3247
3624
3008
1761
615
242
862
2112
3256
3622
2996
1746
605
244
873
2125
3265
3621
2986
1732
596
246
884
2139
3274
3618
2975
1718
589
247
896
2153
3281
3616
2964
1704
580
249
906
2166
3289
3615
2953
1691
572
252
916
2180
3298
3613
2940
1679
562
253
930
2193
3305
3611
2930
1665
554
254
940
2206
3315
3610
2918
1652
546
256
952
2220
3322
3607
2907
1639
538
259
964
2232
3330
3605
2896
1624
530
261
975
2248
3339
3602
2885
1610
523
265
985
2262
3345
3599
2873
1596
514
267
997
2275
3354
3597
2862
1583
508
269
1009
2290
3360
3593
2852
1570
499
273
1021
2303
3369
3590
2838
1555
493
275
1033
2316
3375
3588
2828
1540
485
279
1045
2329
3383
3584
2815
1528
479
282
1056
2343
3389
3582
2803
1512
471
285
1068
2358
3398
3578
2791
1500
464
289
1080
2371
3404
3574
2779
1487
457
293
1092
2384
3410
3570
2768
1475
450
296
1103
2400
3418
3566
2756
1460
443
301
1115
2412
3426
3562
2742
1447
437
304
1128
2425
3432
3558
2730
1434
429
309
1140
2438
3438
3554
2720
1421
423
313
1154
2452
3445
3550
2707
1407
417
317
1166
2464
3452
3546
2694
1393
410
321
1178
2479
3458
3541
2681
1381
404
327
1190
2492
3464
3537
2669
1367
397
329
1203
2504
3470
3532
2656
1355
392
336
1216
2519
3475
3526
2644
1341
387
341
1227
2532
3481
3522
2632
1329
381
345
1239
2544
3489
3517
2619
1315
375
351
1252
2556
3493
3512
2607
1302
371
357
1265
2570
3499
3507
2594
1289
365
361
1279
2584
3505
3502
2580
1277
360
368
1291
2597
3510
3496
2567
1263
353
372
1304
2610
3514
3490
2554
1250
348
378
1318
2621
3519
3486
2540
1238
343
383
1332
2633
3524
3479
2528
1225
339
389
1343
2647
3528
3473
2514
1214
333
395
1357
2658
3534
3468
2501
1201
329
401
1370
2671
3538
3462
2488
1188
324
407
1383
2683
3543
3454
2475
1175
320
413
1397
2696
3548
3449
2461
1162
313
419
1410
2706
3553
3443
2448
1150
311
425
1423
2718
3557
3436
2435
1138
305
433
1436
2732
3561
3430
2421
1126
303
439
1450
2743
3565
3423
2408
1113
299
445
1463
2758
3568
3416
2395
1101
295
452
1477
2769
3572
3410
2383
1090
291
459
1489
2782
3575
3402
2368
1078
287
466
1503
2793
3579
3395
2356
1066
284
473
1517
2806
3582
3388
2341
1053
281
481
1531
2818
3585
3381
2328
1041
277
488
1544
2830
3590
3374
2314
1029
274
496
1557
2842
3592
3367
2301
1018
271
501
1572
2854
3595
3360
2287
1006
269
510
1585
2865
3598
3352
2272
995
266
517
1599
2876
3600
3344
2260
982
263
525
1612
2887
3603
3337
2246
973
260
533
1624
2899
3606
3329
2232
962
257
540
1640
2911
3608
3321
2219
949
255
549
1652
2921
3611
3313
2204
938
253
558
1667
2933
3613
3305
2191
927
252
565
1681
2945
3614
3294
2177
916
250
573
1693
2956
3616
3287
2165
904
248
582
1707
2967
3618
3280
2151
893
246
590
1720
2978
3619
3271
2137
882
244
598
1734
2988
3621
3262
2123
871
243
608
1749
2999
3622
3253
2109
860
241
615
1764
3012
3624
3245
2095
850
240
624
1777
3021
3626
3237
2079
839
239
633
1792
3032
3626
3226
2067
828
238
642
1805
3042
3628
3217
2053
818
236
651
1819
3053
3629
3209
2040
808
236
660
1832
3063
3630
3200
2026
796
236
671
1845
3073
3631
3190
2013
786
234
679
1860
3083
3631
3179
1998
776
233
689
1874
3094
3632
3171
1983
765
233
699
1888
3104
3632
3161
1970
756
233
708
1902
3113
3632
3151
1956
746
233
718
1916
3124
3631
3141
1942
736
233
728
1930
3132
3633
3131
19