* 11 --- 7/23/2015 9:51:23 AM --- 1
10.273433451094, -73.4298385900161, -63.606069375586, -63.6324965958245,   15.02,   -73.43,   4.95,   -79.58,   14.97,   -80.35,   15.23,   -81.05,   4.75,   -82.24
10.1770962658767, -71.4317702794314, -63.0261195205779, -63.060830051574,   15.02,   -71.43,   15.54,   -79.68,   14.97,   -79.95,   15.12,   -80.59,   14.92,   -80.89
10.1026921882766, -72.8732804334739, -62.5782069734251, -62.6008008781552,   15.02,   -72.87,   5.06,   -76.91,   5.48,   -77.92,   5.58,   -78.28,   5.27,   -78.41
10.154077179516, -74.5669973445945, -62.8875446206861, -62.9323748823507,   15.02,   -74.57,   4.95,   -78.00,   5.06,   -78.27,   14.97,   -78.90,   14.86,   -81.19
* 11 --- 7/23/2015 9:53:08 AM --- 2
2.44743205544914, -16.7420075935058, -16.4935409738038, -16.49354325548,   15.02,   -16.74,   4.95,   -31.82,   14.97,   -33.73,   15.07,   -40.06,   4.90,   -45.30
2.4816528698301, -17.0037139059285, -16.6995502763772, -16.6995515764277,   15.02,   -17.00,   4.95,   -31.56,   14.97,   -32.37,   15.07,   -40.72,   4.90,   -44.93
2.38886026057076, -16.3973979600449, -16.140938768636, -16.1409556249276,   15.02,   -16.40,   4.95,   -30.59,   14.97,   -34.51,   15.07,   -40.70,   4.90,   -44.31
2.38826332493062, -16.3809317217591, -16.1373452160823, -16.1373496510608,   15.02,   -16.38,   4.95,   -30.76,   14.97,   -34.78,   15.07,   -40.74,   4.90,   -44.28
* 11 --- 7/23/2015 9:57:47 AM --- 4
10.1212394493369, -72.3015501966994, -62.6898614850083, -62.7149616813802,   15.02,   -72.30,   4.95,   -75.39,   14.97,   -77.28,   19.87,   -80.04,   14.86,   -80.72
10.1657576700951, -73.5993804355996, -62.9578611739722, -62.9882848302767,   15.02,   -73.60,   4.95,   -75.03,   14.97,   -76.53,   15.07,   -79.63,   15.54,   -80.13
10.0922882507967, -72.6456009921288, -62.5155752697962, -62.5405290116122,   15.02,   -72.65,   5.06,   -76.98,   5.27,   -77.53,   5.48,   -78.13,   5.58,   -78.32
9.86510707121797, -73.1644883431443, -61.1479445687322, -61.2581263459722,   15.02,   -73.16,   14.86,   -74.82,   4.95,   -75.50,   14.97,   -75.62,   5.06,   -77.05
