3094
3634
3173
1986
765
231
695
1885
3104
3634
3165
1972
755
230
704
1901
3113
3635
3155
1958
744
230
714
1913
3124
3635
3145
1945
736
230
723
1927
3133
3636
3136
1932
726
229
734
1940
3143
3635
3125
1918
717
230
743
1954
3153
3635
3116
1903
707
230
752
1968
3161
3635
3107
1890
697
230
763
1982
3171
3633
3096
1877
688
231
773
1997
3181
3634
3087
1861
679
232
783
2011
3191
3633
3077
1848
669
232
794
2025
3201
3632
3067
1834
659
233
804
2039
3209
3631
3055
1820
650
234
814
2051
3219
3630
3045
1807
642
236
826
2065
3229
3629
3035
1791
633
236
836
2079
3238
3627
3023
1778
624
238
848
2092
3246
3627
3013
1765
616
239
857
2107
3255
3625
3003
1749
606
240
868
2122
3264
3624
2991
1735
597
243
880
2135
3273
3623
2981
1722
589
244
890
2149
3281
3620
2969
1709
580
245
901
2163
3289
3618
2958
1695
572
248
912
2175
3298
3616
2947
1683
563
250
924
2189
3305
3615
2935
1669
556
252
935
2203
3315
3613
2923
1655
546
253
948
2216
3323
3611
2912
1642
538
255
959
2231
3331
3608
2901
1627
530
258
970
2244
3339
3606
2889
1615
522
261
981
2259
3347
3603
2879
1600
514
263
992
2272
3354
3600
2868
1587
508
267
1004
2286
3361
3597
2856
1573
499
268
1015
2300
3369
3594
2844
1559
493
271
1029
2313
3376
3592
2833
1544
485
275
1040
2327
3382
3588
2822
1531
479
279
1051
2340
3389
3585
2808
1516
470
282
1063
2354
3397
3582
2795
1504
464
285
1076
2368
3404
3578
2783
1490
457
289
1087
2381
3412
3574
2772
1476
450
293
1098
2396
3418
3570
2761
1463
442
296
1110
2408
3427
3566
2749
1450
437
301
1123
2421
3433
3563
2735
1437
429
304
1136
2435
3439
3558
2724
1423
423
309
1147
2448
3446
3554
2712
1411
416
313
1160
2463
3452
3550
2698
1397
410
318
1173
2476
3458
3544
2685
1384
404
323
1186
2488
3464
3540
2673
1370
397
327
1198
2500
3471
3536
2661
1357
392
331
1211
2514
3476
3531
2649
1345
386
337
1222
2529
3482
3526
2637
1332
380
342
1234
2542
3490
3522
2624
1317
373
347
1247
2554
3493
3516
2612
1305
370
351
1260
2567
3500
3511
2599
1293
364
358
1273
2580
3505
3506
2584
1279
358
363
1287
2594
3510
3501
2572
1265
352
369
1299
2606
3515
3495
2559
1253
347
373
1313
2619
3521
3490
2546
1240
342
379
1327
2632
3525
3483
2533
1228
337
385
1339
2645
3530
3478
2521
1216
332
390
1352
2657
3535
3471
2506
1203
328
397
1365
2668
3540
3465
2493
1191
323
403
1378
2681
3543
3459
2480
1178
319
409
1391
2693
3549
3453
2465
1165
313
415
1405
2705
3554
3446
2453
1154
310
421
1418
2718
3558
3441
2439
1139
305
428
1431
2729
3562
3434
2426
1128
301
433
1445
2741
3566
3428
2413
1115
298
441
1459
2756
3568
3419
2400
1104
294
449
1472
2767
3574
3413
2386
1093
290
456
1484
2779
3576
3406
2374
1080
286
463
1499
2791
3580
3399
2360
1069
283
469
1511
2802
3583
3392
2345
1057
280
477
1527
2815
3586
3385
2332
1041
277
484
1540
2826
3590
3377
2319
1031
273
492
1552
2838
3593
3370
2305
1020
270
498
1569
2851
3597
3364
2291
1008
268
506
1581
2862
3599
3356
2279
997
265
514
1595
2875
3602
3349
2264
985
262
521
1608
2886
3604
3341
2250
974
259
529
1620
2896
3607
3333
2237
964
256
536
1635
2909
3610
3324
2222
951
254
546
1648
2919
3612
3317
2208
940
252
552
1662
2931
3614
3309
2196
929
251
561
1676
2942
3615
3300
2181
916
249
570
1689
2955
3618
3292
2168
904
246
577
1703
2965
3619
3283
2154
894
244
586
1716
2975
3621
3275
2141
884
242
594
1729
2987
3623
3267
2127
872
241
604
1743
2997
3624
3259
2114
863
240
611
1759
3009
3626
3249
2099
852
238
619
1772
3020
3628
3241
2084
841
236
629
1786
3031
3629
3232
2071
829
236
638
1801
3040
3630
3221
2057
819
234
646
1814
3052
3631
3213
2044
808
234
657
1828
3060
3632
3203
2030
799
233
664
1841
3072
3633
3194
2017
787
232
675
1857
3082
3633
3185
2002
777
232
685
1869
3092
3633
3174
1988
767
231
695
1885
3102
3634
3165
1974
757
230
704
1898
3112
3634
3156
1960
747
231
713
1911
3122
3634
3146
1947
737
230
723
1925
3131
3635
3136
1933
727
230
733
1938
3141
3635
3126
1920
718
230
742
1953
3151
3634
3117
1905
708
231
752
1966
3160
3634
3107
1892
699
231
762
1980
3169
3634
3097
1877
690
232
772
1994
3179
3632
3088
1863
679
233
782
2009
3189
3633
3077
1849
671
233
794
2023
3200
3632
3067
1835
660
234
804
2037
3208
3631
3056
1821
652
234
814
2049
3218
3630
3046
1808
643
236
825
2063
3227
3629
3036
1794
634
237
835
2077
3236
3627
3025
1780
626
238
847
2091
3245
3627
3014
1766
617
239
857
2107
3254
3624
3004
1752
607
241
868
2120
3262
3623
2992
1737
598
243
879
2134
3271
3621
2981
1723
590
244
890
2147
3279
3620
2970
1710
582
246
900
2161
3287
3618
2959
1696
574
249
912
2173
3296
3616
2947
1685
565
250
924
2188
3305
3615
2936
1671
557
252
934
2202
3313
3613
2924
1657
548
253
946
2215
3321
3610
2913
1643
540
256
958
2230
3329
3608
2902
1630
531
259
969
2243
3338
3605
2890
1616
523
261
980
2256
3345
3603
2880
1601
516
263
991
2271
3353
3600
2868
1588
508
267
1003
2285
3360
3597
2856
1575
501
269
1013
2297
3368
3594
2846
1560
494
272
1027
2311
3374
3592
2834
1547
487
275
1039
2325
3382
3588
2822
1532
479
278
1051
2338
3389
3585
2810
1518
471
282
1062
2352
3396
3582
2797
1505
465
285
1074
2366
3403
3578
2785
1492
457
289
1086
2379
3410
3574
2774
1478
451
293
1098
2394
3418
3570
2762
1465
444
296
1109
2407
3425
3566
2750
1451
437
301
1122
2420
3430
3562
2736
1439
431
304
1134
2433
3438
3558
2725
1426
423
309
1146
2446
3445
3554
2713
1413
417
313
1160
2460
3450
3550
2699
1399
411
318
1172
2474
3457
3545
2687
1386
404
323
1185
2487
3463
3540
2674
1372
398
327
1197
2499
3469
3536
2662
1359
393
332
1209
2513
3475
3530
2649
1347
387
336
1220
2527
3481
3526
2638
1334
381
342
1233
2540
3488
3521
2625
1319
376
347
1246
2552
3493
3516
2612
1307
371
351
1259
2565
3498
3511
2600
1294
366
357
1272
2578
3503
3506
2586
1279
360
363
1286
2592
3510
3501
2572
1267
353
369
1298
2604
3515
3495
2560
1254
348
373
1311
2617
3520
3490
2548
1243
343
379
1326
2630
3524
3485
2534
1229
338
384
1339
2643
3530
3478
2523
1218
332
389
1351
2655
3534
3472
2507
1204
329
397
1363
2667
3538
3466
2495
1193
323
402
1376
2679
3543
3460
2481
1180
319
408
1389
2692
3549
3454
2467
1167
313
414
1404
2705
3553
3448
2454
1154
311
421
1417
2716
3558
3442
2440
1142
305
427
1430
2728
3562
3434
2428
1129
301
433
1444
2740
3566
3429
2415
1116
298
441
1458
2755
3569
3420
2401
1104
294
448
1470
2766
3573
3414
2388
1093
290
455
1483
2778
3577
3407
2375
1081
285
461
1497
2790
3580
3400
2361
1069
283
468
1511
2802
3584
3394
2346
1057
279
475
1525
2815
3586
3386
2334
1045
277
482
1538
2826
3590
3379
2320
1033
273
490
1551
2838
3594
3371
2308
1021
270
497
1566
2850
3597
3365
2292
1009
267
504
1579
2862
3600
3357
2281
997
264
513
1593
2873
3602
3349
2265
986
262
519
1606
2885
3604
3341
2252
975
258
528
1618
2895
3607
3334
2238
964
256
536
1632
2907
3610
3325
2223
952
254
544
1647
2919
3612
3319
2210
940
253
552
1660
2929
3614
3310
2197
930
251
558
1674
2941
3615
3301
2182
919
250
568
1688
2953
3618
3293
2170
907
246
576
1701
2963
3620
3285
2156
896
244
586
1715
2975
3621
3276
2143
885
243
594
1729
2986
3622
3267
2129
874
242
602
1741
2996
3624
3259
2115
864
240
611
1757
3008
3626
3250
2100
853
238
619
1771
3019
3627
3242
2086
843
237
627
1785
3029
3628
3233
2073
830
236
636
1800
3039
3630
3223
2059
820
235
645
1813
3051
3631
3214
2046
809
234
655
1826
3060
3631
3204
2032
799
233
664
1840
3070
3633
3195
2018
788
232
674
1855
3081
3633
3185
2004
778
231
683
1869
3091
3633
3176
1990
768
231
693
1883
3101
3634
3166
1976
757
231
703
1897
3111
3634
3157
1962
748
231
712
1910
3121
3634
3147
1948
738
230
721
1924
3130
3635
3137
1934
729
230
732
1937
3141
3635
3127
1921
719
230
740
1951
3149
3635
3118
1907
709
231
750
1965
3159
3635
3108
1893
700
231
760
1978
3169
3634
3098
1880
691
232
769
1994
3178
3633
3089
1865
681
232
780
2008
3189
3633
3079
1852
671
232
792
2021
3199
3632
3067
1837
661
234
802
2036
3207
3631
3057
1823
652
234
812
2048
3217
3630
3047
1809
645
235
823
2062
3226
3629
3036
1797
635
236
833
2076
3236
3627
3026
1781
626
238
846
2089
3244
3626
3015
1768
618
240
856
2104
3253
3625
3006
1753
608
240
866
2118
3262
3624
2993
1738
599
242
878
2131
3270
3622
2983
1726
591
244
887
2145
3279
3620
2971
1712
582
245
898
2159
3287
3618
2961
1699
574
248
909
2172
3295
3615
2950
1686
566
250
922
2186
3305
3615
2937
1672
558
252
933
2200
3312
3614
2926
1659
548
253
945
2213
3321
3611
2915
1646
541
255
956
2226
3329
3608
2903
1631
533
259
968
2240
3337
3606
2892
1618
525
260
979
2254
3344
3603
2881
1603
517
263
989
2268
3352
3600
2870
1590
509
266
1001
2283
3359
3598
2859
1577
502
268
1013
2295
3367
3594
2847
1562
495
272
1025
2309
3373
3593
2836
1548
487
275
1037
2324
3381
3589
2822
1534
480
278
1049
2337
3388
3585
2810
1520
473
282
1061
2351
3396
3582
2798
1506
466
285
1073
2364
3402
3578
2786
1493
459
288
1085
2378
3410
3574
2776
1480
451
293
1095
2392
3416
3572
2763
1466
445
297
1108
2405
3424
3566
2751
1454
438
301
1120
2418
3430
3563
2738
1440
431
303
1132
2432
3438
3560
2727
1427
424
309
1144
2445
3444
3556
2714
1415
418
313
1158
2458
3450
3550
2701
1399
411
317
1170
2472
3458
3546
2688
1387
405
321
1183
2485
3463
3541
2676
1373
399
326
1194
2498
3469
3537
2664
1361
393
330
1207
2512
3474
3532
2651
1348
387
336
1219
2525
3481
3527
2640
1335
381
341
1232
2538
3488
3521
2627
1320
375
346
1244
2551
3493
3518
2615
1308
371
350
1257
2564
3498
3512
2602
1295
366
356
1269
2576
3503
3507
2589
1282
360
362
1283
2591
3510
3502
2574
1269
355
368
1295
2603
3514
3496
2563
1256
348
372
1309
2616
3519
3490
2550
1243
343
378
1322
2628
3523
3486
2536
1231
339
384
1336
2641
3529
3479
2524
1219
333
389
1349
2652
3534
3473
2510
1206
329
396
1362
2665
3538
3467
2496
1194
325
401
1374
2678
3542
3460
2484
1182
320
407
1387
2691
3546
3454
2469
1168
315
414
1402
2703
3553
3449
2455
1154
311
419
1415
2714
3558
3442
2442
1142
305
425
1429
2726
3561
3436
2430
1130
302
433
1442
2738
3566
3430
2416
1118
298
439
1455
2754
3568
3422
2404
1106
295
447
1469
2764
3573
3415
2390
1094
291
454
1482
2777
3576
3408
2376
1083
286
461
1495
2789
3579
3401
2364
1071
284
467
1510
2800
3583
3394
2350
1059
280
474
1523
2812
3586
3387
2336
1046
277
481
1536
2825
3590
3379
2323
1034
274
489
1549
2838
3593
3372
2308
1023
270
496
1564
2848
3596
3366
2295
1012
267
503
1578
2860
3599
3358
2282
999
265
510
1591
2872
3602
3351
2267
988
262
518
1605
2883
3603
3343
2254
977
259
527
1619
2894
3607
3334
2240
966
257
534
1632
2906
3610
3327
2226
953
255
543
1645
2917
3612
3320
2212
942
252
550
1658
2929
3614
3311
2199
932
250
558
1672
2939
3615
3304
2185
920
249
568
1687
2951
3618
3293
2171
908
246
574
1699
2963
3619
3286
2157
896
245
584
1713
2974
3621
3277
2144
887
244
592
1726
2984
3623
3269
2131
875
241
601
1739
2995
3624
3260
2117
866
240
610
1755
3007
3627
3251
2103
855
237
617
1769
3017
3628
3244
2088
844
237
626
1782
3027
3628
3235
2075
832
236
635
1797
3038
3630
3224
2062
821
234
644
1811
3049
3630
3215
2047
812
234
653
1824
3059
3631
3205
2034
800
234
663
1839
3068
3633
3197
2020
789
232
671
1853
3079
3633
3185
2006
780
232
683
1868
3090
3634
3177
1992
769
231
692
1881
3100
3634
3168
1977
759
231
701
1895
3110
3634
3157
1964
749
230
711
1909
3120
3635
3149
1950
740
231
720
1922
3129
3635
3139
1936
731
230
730
1935
3140
3635
3129
1923
720
230
739
1950
3149
3634
3120
1909
710
231
749
1964
3158
3635
3109
1895
701
231
759
1977
3168
3633
3099
1882
692
231
769
1992
3177
3633
3090
1868
683
232
779
2006
3188
3633
3081
1853
671
232
790
2020
3197
3632
3070
1840
662
233
800
2034
3206
3631
3059
1825
653
233
811
2047
3216
3630
3049
1811
646
235
820
2060
3225
3630
3038
1798
636
236
832
2074
3235
3628
3028
1783
627
238
844
2088
3244
3627
3017
1769
618
239
855
2102
3251
3626
3007
1756
609
240
864
2116
3261
3625
2995
1740
600
242
876
2131
3269
3622
2984
1727
591
244
886
2143
3278
3620
2973
1713
583
245
897
2157
3286
3619
2962
1700
574
247
908
2171
3293
3616
2951
1688
566
249
920
2185
3304
3615
2940
1674
558
252
932
2198
3312
3614
2927
1661
549
253
944
2212
3320
3611
2917
1647
542
254
955
2225
3327
3609
2905
1631
534
257
966
2240
3337
3606
2894
1619
526
259
977
2252
3343
3604
2883
1605
518
263
988
2266
3351
3601
2871
1591
510
266
999
2282
3358
3598
2860
1578
503
268
1011
2295
3367
3595
2848
1566
496
271
1023
2308
3372
3593
2836
1551
488
274
1035
2322
3380
3589
2824
1537
481
277
1047
2335
3387
3586
2812
1522
473
281
1059
2350
3394
3582
2800
1509
466
284
1071
2362
3402
3579
2789
1495
459
287
1083
2376
3408
3575
2777
1481
453
291
1094
2390
3415
3572
2764
1468
445
295
1107
2404
3423
3567
2753
1455
439
300
1118
2416
3430
3564
2739
1442
433
303
1130
2430
3437
3560
2727
1429
424
307
1142
2443
3443
3556
2716
1415
419
313
1154
2456
3450
3550
2703
1401
413
317
1169
2471
3457
3546
2690
1387
405
321
1182
2483
3462
3542
2678
1375
400
325
1194
2496
3468
3538
2665
1362
394
329
1206
2509
3474
3532
2652
1349
388
335
1218
2523
3480
3528
2641
1337
382
341
1231
2536
3488
3522
2629
1324
376
345
1243
2549
3492
3518
2616
1310
372
349
1255
2562
3497
3513
2604
1297
366
356
1267
2575
3503
3508
2591
1284
361
361
1279
2588
3509
3503
2576
1271
355
367
1294
2602
3514
3496
2564
1258
349
372
1307
2615
3518
3492
2551
1245
344
376
1320
2627
3523
3487
2538
1233
339
382
1334
2639
3529
3480
2524
1220
334
389
1347
2651
3534
3474
2512
1208
329
395
1360
2664
3538
3468
2499
1196
325
401
1373
2676
3542
3462
2485
1183
319
406
1387
2689
3548
3456
2470
1170
316
413
1399
2701
3550
3450
2458
1158
312
419
1413
2713
3558
3444
2445
1144
305
424
1427
2725
3561
3437
2431
1132
302
433
1439
2737
3566
3430
2418
1120
298
439
1454
2752
3568
3423
2405
1108
294
446
1467
2763
3573
3417
2392
1096
291
452
1480
2775
3576
3409
2378
1084
287
459
1493
2787
3579
3402
2366
1073
284
466
1507
2799
3583
3395
2352
1061
280
473
1521
2811
3586
3387
2337
1048
277
481
1534
2822
3590
3381
2324
1037
273
488
1547
2836
3593
3373
2311
1024
270
496
1561
2846
3596
3367
2296
1013
267
502
1576
2859
3598
3359
2284
1000
265
510
1589
2870
3601
3352
2269
989
262
518
1603
2882
3603
3344
2255
979
259
526
1617
2892
3607
3337
2242
967
256
533
1630
2904
3609
3328
2228
955
254
542
1643
2916
3612
3321
2213
944
253
550
1657
2927
3614
3313
2200
932
251
558
1671
2938
3615
3305
2186
921
249
566
1685
2950
3617
3295
2172
910
246
574
1698
2961
3619
3286
2160
898
244
582
1711
2972
3621
3279
2146
887
243
591
1725
2983
3622
3270
2131
876
242
600
1738
2994
3624
3261
2119
867
240
608
1753
3006
3625
3253
2105
855
238
616
1767
3016
3627
3244
2090
845
237
625
1781
3027
3628
3236
2076
833
236
634
1796
3037
3630
3225
2062
823
235
643
1809
3048
3630
3216
2048
812
235
652
1823
3058
3631
3207
2035
802
234
661
1836
3068
3633
3198
2022
792
232
671
1850
3078
3634
3189
2009
780
232
681
1865
3089
3634
3179
1994
770
231
691
1879
3098
3634
3169
1979
760
230
699
1893
3109
3635
3159
1965
750
231
709
1906
3119
3634
3150
1952
740
231
719
1921
3127
3635
3140
1937
731
230
729
1934
3138
3635
3130
1925
721
230
738
1948
3148
3635
3122
1909
711
230
748
1962
3156
3634
3111
1897
702
230
758
1975
3166
3634
3101
1883
692
231
768
1988
3175
3633
3091
1869
683
232
778
2003
3185
3632
3082
1855
674
232
788
2018
3197
3632
3071
1841
663
233
800
2032
3205
3631
3060
1827
655
234
810
2046
3214
3631
3050
1812
645
235
820
2059
3223
3630
3039
1800
637
236
831
2072
3234
3629
3029
1785
628
237
843
2086
3243
3627
3019
1771
619
239
854
2099
3251
3626
3008
1757
610
239
863
2115
3260
3624
2996
1742
601
241
874
2129
3268
3623
2986
1729
592
243
885
2142
3277
3621
2975
1715
585
245
896
2156
3285
3619
2963
1702
576
247
906
2170
3293
3617
2953
1688
566
249
920
2184
3302
3615
2940
1676
558
251
931
2196
3311
3614
2929
1663
550
252
940
2210
3320
3612
2918
1648
542
254
953
2224
3326
3609
2906
1635
534
257
964
2237
3335
3607
2895
1620
526
258
976
2251
3343
3604
2885
1606
518
262
986
2265
3351
3601
2873
1593
511
265
998
2280
3357
3598
2862
1579
503
267
1010
2292
3366
3595
2850
1566
497
270
1021
2306
3372
3593
2838
1551
490
273
1033
2321
3379
3590
2826
1538
482
276
1045
2333
3386
3586
2814
1524
474
281
1057
2346
3394
3583
2802
1510
467
283
1069
2362
3401
3579
2790
1496
460
287
1081
2374
3408
3576
2778
1483
453
291
1093
2388
3415
3572
2766
1470
447
295
1105
2403
3422
3568
2755
1456
439
299
1117
2415
3430
3565
2742
1444
433
302
1129
2429
3436
3561
2729
1431
425
306
1142
2442
3442
3556
2717
1418
419
311
1154
2455
3448
3553
2705
1403
414
316
1168
2469
3456
3546
2691
1389
407
321
1180
2482
3462
3542
2680
1377
401
325
1192
2495
3468
3538
2667
1364
395
329
1205
2508
3473
3533
2654
1351
389
334
1217
2522
3479
3528
2643
1338
383
339
1228
2535
3487
3523
2630
1326
376
344
1241
2548
3491
3519
2618
1311
372
349
1254
2561
3497
3514
2604
1299
367
355
1267
2573
3502
3509
2592
1287
362
361
1279
2587
3508
3503
2578
1271
356
366
1292
2600
3514
3497
2566
1259
349
372
1306
2613
3518
3492
2554
1246
344
376
1319
2626
3522
3487
2540
1234
340
382
1334
2638
3528
3480
2526
1221
335
388
1345
2650
3533
3475
2513
1209
329
393
1358
2662
3538
3468
2500
1197
325
400
1371
2675
3542
3463
2487
1185
320
405
1385
2687
3546
3456
2471
1171
317
413
1399
2699
3550
3450
2460
1159
312
418
1411
2710
3557
3445
2446
1145
307
424
1424
2723
3561
3438
2433
1134
303
432
1438
2735
3565
3430
2419
1122
299
437
1452
2750
3568
3423
2407
1109
295
445
1466
2762
3572
3418
2394
1097
291
452
1478
2773
3576
3410
2380
1086
287
459
1491
2786
3579
3403
2368
1074
285
465
1505
2798
3582
3397
2352
1062
281
472
1519
2810
3586
3389
2339
1049
277
479
1533
2822
3589
3382
2326
1038
274
487
1546
2834
3593
3375
2312
1025
270
495
1559
2846
3596
3368
2298
1014
268
501
1574
2858
3598
3361
2286
1002
265
509
1587
2869
3601
3353
2270
991
262
516
1601
2880
3603
3345
2258
980
259
525
1615
2891
3607
3337
2244
968
257
532
1628
2903
3609
3329
2230
956
255
540
1641
2914
3611
3321
2216
945
252
547
1656
2925
3613
3313
2202
934
252
557
1669
2936
3615
3305
2188
924
249
565
1683
2947
3617
3296
2175
912
246
574
1696
2959
3618
3288
2162
900
245
582
1709
2971
3621
3280
2148
888
243
590
1723
2981
3623
3271
2134
878
242
598
1737
2993
3624
3263
2121
868
240
607
1749
3006
3626
3254
2107
856
239
615
1765
3015
3627
3245
2092
847
237
624
1780
3025
3628
3237
2078
834
236
633
1794
3036
3629
3226
2064
824
235
642
1808
3046
3631
3218
2050
814
234
651
1821
3056
3631
3208
2038
803
233
660
1835
3066
3632
3199
2024
792
232
671
1849
3076
3634
3190
2010
782
232
679
1863
3086
3634
3179
1994
771
231
689
1877
3098
3635
3170
1981
762
230
699
1891
3108
3635
3161
1967
752
230
708
1905
3118
3634
3151
1953
741
231
718
1918
3126
3635
3141
1939
733
228
727
1932
3136
3635
3131
1927
722
230
736
1946
3146
3634
3123
1912
713
230
747
1960
3156
3635
3112
1898
703
230
756
1974
3165
3634
3102
1885
694
231
767
1987
3174
3633
3092
1869
684
232
776
2001
3185
3633
3083
1857
675
233
787
2015
3195
3632
3073
1843
664
232
796
2030
3204
3632
3062
1829
655
233
808
2044
3213
3630
3051
1814
647
235
819
2057
3223
3630
3041
1802
638
236
829
2070
3233
3628
3031
1786
629
237
841
2084
3242
3627
3020
1773
621
240
852
2098
3249
3627
3009
1759
611
239
861
2113
3260
3625
2997
1745
602
241
873
2127
3267
3623
2987
1731
594
243
883
2140
3276
3621
2976
1717
586
244
894
2154
3285
3619
2965
1704
577
246
905
2168
3293
3617
2954
1690
570
249
916
2180
3301
3615
2943
1677
558
251
928
2195
3310
3615
2931
1664
551
252
939
2208
3318
3612
2919
1651
543
254
952
2221
3325
3610
2907
1637
535
257
963
2236
3334
3607
2896
1623
527
259
974
2248
3341
3604
2886
1608
519
261
985
2264
3349
3602
2875
1595
512
265
997
2278
3356
3599
2863
1581
504
268
1008
2291
3364
3596
2852
1568
497
269
1020
2305
3370
3594
2840
1553
490
273
1033
2319
3378
3590
2828
1540
482
276
1045
2332
3386
3586
2815
1524
475
280
1056
2345
3392
3583
2803
1512
468
284
1067
2360
3400
3580
2792
1498
461
286
1079
2373
3407
3577
2779
1485
454
290
1093
2386
3414
3573
2767
1472
447
295
1104
2401
3421
3569
2756
1458
439
298
1115
2414
3430
3565
2742
1446
433
301
1127
2427
3435
3562
2730
1432
426
306
1139
2440
3442
3557
2719
1419
421
311
1154
2453
3448
3552
2708
1406
414
313
1165
2468
3454
3547
2693
1392
407
320
1178
2480
3461
3542
2681
1379
401
324
1190
2494
3467
3538
2668
1365
395
329
1202
2506
3473
3534
2657
1352
389
333
1216
2521
3478
3529
2645
1339
384
339
1227
2533
3486
3524
2632
1327
378
344
1239
2546
3490
3520
2619
1313
373
349
1252
2559
3496
3514
2606
1300
368
353
1265
2572
3501
3509
2594
1287
362
360
1279
2584
3507
3504
2580
1273
356
366
1291
2599
3512
3499
2568
1260
349
371
1303
2612
3518
3493
2555
1248
345
375
1317
2624
3523
3489
2541
1235
340
381
1331
2636
3528
3481
2527
1223
335
387
1344
2648
3531
3475
2514
1210
330
393
1357
2661
3538
3469
2501
1198
325
399
1370
2673
3541
3463
2488
1186
321
405
1383
2685
3546
3457
2475
1174
316
412
1397
2698
3550
3450
2461
1161
313
417
1410
2710
3556
3446
2448
1146
307
422
1423
2722
3560
3438
2434
1135
303
429
1436
2734
3565
3430
2421
1123
300
437
1450
2747
3566
3424
2408
1110
296
444
1464
2761
3571
3418
2395
1098
293
451
1477
2772
3576
3410
2382
1087
287
457
1490
2784
3580
3404
2368
1075
285
465
1503
2795
3582
3398
2354
1063
281
471
1518
2808
3586
3390
2340
1051
278
479
1531
2821
3589
3383
2328
1039
275
487
1544
2833
3592
3375
2314
1027
271
494
1558
2844
3595
3369
2300
1015
269
500
1572
2856
3598
3361
2288
1003
266
508
1586
2868
3600
3354
2272
992
263
515
1599
2880
3603
3345
2259
981
260
523
1613
2890
3606
3338
2246
969
257
530
1626
2902
3609
3329
2232
958
255
539
1640
2913
3611
3323
2218
946
253
547
1653
2924
3614
3315
2204
935
252
556
1667
2935
3615
3305
2190
924
249
564
1681
2947
3616
3297
2176
912
247
572
1694
2959
3619
3289
2163
901
245
580
1708
2970
3621
3281
2149
890
244
589
1721
2980
3622
3272
2136
880
242
598
1735
2991
3624
3263
2123
869
241
606
1749
3004
3625
3255
2107
858
239
614
1764
3014
3627
3246
2094
848
238
623
1777
3023
3628
3238
2079
836
236
632
1792
3035
3629
3227
2066
826
235
641
1806
3045
3631
3218
2052
815
235
650
1820
3056
3631
3209
2039
804
234
659
1833
3065
3633
3200
2026
794
232
671
1847
3076
3633
3190
2010
784
232
679
1861
3085
3633
3181
1998
773
232
687
1875
3096
3634
3171
1982
763
231
698
1889
3106
3634
3161
1968
753
231
708
1904
3116
3634
3152
1954
743
232
717
1917
3125
3634
3141
1941
735
230
727
1931
3134
3634
3132
1929
724
231
736
1944
3144
3634
3124
1914
715
231
746
1958
3154
3633
3112
1900
704
232
756
1972
3164
3633
3103
1886
695
232
766
1985
3173
3632
3092
1872
686
232
776
2001
3184
3632
3083
1857
677
233
787
2014
3193
3632
3074
1844
668
233
796
2028
3202
3631
3063
1830
658
234
808
2043
3211
3630
3052
1816
648
236
818
2055
3221
3629
3041
1804
640
237
829
2069
3232
3628
3031
1788
631
237
840
2082
3240
3626
3021
1774
621
239
851
2095
3248
3626
3010
1761
614
240
860
2112
3258
3624
2998
1747
604
242
872
2125
3266
3622
2987
1732
594
243
883
2139
3274
3621
2977
1718
587
245
893
2153
3283
3619
2966
1705
578
247
904
2165
3291
3617
2955
1690
570
249
916
2179
3301
3615
2945
1679
561
251
928
2192
3309
3614
2931
1666
552
252
938
2206
3316
3612
2920
1652
545
254
951
2220
3325
3610
2909
1639
538
256
962
2232
3333
3607
2898
1624
529
259
973
2248
3341
3604
2887
1611
520
261
983
2262
3348
3601
2875
1596
513
264
995
2276
3356
3599
2864
1583
505
268
1007
2291
3363
3596
2853
1570
498
269
1018
2303
3370
3594
2841
1555
492
273
1029
2317
3377
3590
2830
1540
483
276
1043
2330
3385
3587
2816
1527
477
280
1055
2344
3391
3584
2805
1512
468
283
1066
2358
3399
3580
2793
1499
463
286
1079
2371
3406
3576
2781
1487
456
291
1091
2384
3412
3573
2769
1473
449
294
1102
2399
3420
3569
2758
1460
441
298
1114
2412
3428
3565
2744
1447
433
302
1126
2425
3434
3562
2732
1434
427
306
1138
2438
3441
3558
2721
1422
421
311
1152
2452
3446
3553
2709
1407
415
313
1164
2464
3454
3549
2695
1393
408
319
1176
2478
3460
3542
2681
1381
403
324
1189
2492
3465
3538
2669
1368
396
329
1201
2504
3471
3534
2657
1355
391
333
1214
2519
3477
3530
2646
1341
385
338
1225
2531
3485
3524
2633
1329
379
344
1238
2544
3490
3520
2620
1315
374
348
1251
2557
3495
3515
2608
1301
369
353
1263
2570
3501
3509
2595
1289
363
360
1277
2584
3506
3504
2583
1275
357
364
1290
2597
3512
3498
2568
1262
351
371
1303
2610
3516
3493
2556
1250
346
374
1316
2623
3521
3489
2542
1237
341
381
1330
2635
3526
3482
2529
1225
337
387
1342
2648
3531
3476
2516
1213
331
392
1355
2659
3536
3470
2503
1200
327
398
1368
2672
3540
3463
2490
1188
321
404
1381
2684
3544
3457
2478
1175
317
410
1395
2697
3550
3452
2462
1162
313
416
1408
2708
3556
3446
2449
1148
309
423
1422
2720
3559
3438
2435
1137
303
429
1434
2733
3563
3432
2423
1125
301
436
1449
2744
3567
3426
2410
1112
297
444
1462
2759
3570
3418
2396
1100
293
450
1475
2771
3574
3411
2384
1089
289
457
1489
2782
3578
3405
2369
1077
285
465
1502
2794
3582
3397
2356
1065
282
471
1517
2807
3585
3391
2342
1053
279
478
1529
2818
3588
3384
2328
1041
275
486
1543
2830
3592
3376
2315
1029
272
493
1556
2843
3594
3369
2301
1017
269
499
1571
2855
3598
3362
2289
1005
266
507
1585
2866
3600
3354
2273
993
264
514
1598
2877
3602
3346
2260
982
261
522
1611
2888
3606
3339
2247
971
258
530
1624
2901
3609
3332
2232
960
255
538
1638
2911
3610
3323
2218
948
253
546
1652
2922
3614
3315
2205
937
252
554
1665
2934
3615
3305
2191
926
250
563
1680
2946
3616
3298
2177
916
248
571
1693
2957
3619
3290
2164
902
246
580
1705
2967
3620
3281
2151
891
244
588
1720
2979
3622
3273
2137
880
242
597
1734
2990
3623
3265
2123
870
241
606
1749
3002
3624
3257
2110
859
240
614
1763
3012
3626
3248
2095
849
238
622
1776
3022
3628
3238
2080
839
236
630
1790
3033
3629
3230
2067
828
236
640
1805
3043
3630
3220
2054
816
234
648
1818
3052
3631
3211
2040
806
234
659
1831
3064
3633
3201
2027
796
232
668
1845
3075
3633
3192
2013
784
232
678
1860
3084
3634
3183
1998
776
232
687
1875
3095
3634
3173
1983
764
231
697
1887
3105
3634
3162
1970
753
230
706
1902
3115
3635
3153
1957
744
231
715
1915
3124
3634
3143
1943
735
230
725
1930
3134
3635
3134
1930
725
230
735
1942
3144
3635
3124
1916
715
230
744
1957
3154
3634
3115
1902
705
231
754
1970
3163
3634
3105
1888
697
230
764
1984
3172
3634
3094
1875
687
231
774
1998
3183
3633
3085
1859
677
232
784
2012
3193
3633
3075
1846
669
233
796
2026
3201
3632
3065
1832
658
234
806
2041
3210
3630
3054
1818
649
234
817
2053
3220
3630
3043
1805
641
236
828
2067
3231
3628
3033
1789
632
238
837
2080
3240
3627
3022
1777
623
239
850
2095
3247
3626
3011
1763
615
239
859
2110
3257
3625
3002
1749
605
241
870
2123
3265
3623
2989
1734
596
243
881
2137
3273
3621
2979
1720
588
244
892
2151
3282
3619
2968
1706
579
246
904
2164
3290
3617
2957
1693
571
248
916
2177
3299
3615
2946
1681
562
251
926
2191
3308
3615
2934
1667
554
252
937
2205
3317
3612
2921
1654
546
253
949
2219
3323
3610
2911
1639
538
257
961
2232
3331
3608
2899
1625
529
259
972
2246
3340
3605
2888
1612
522
261
982
2260
3347
3602
2876
1597
514
264
994
2274
3354
3600
2866
1585
507
267
1006
2288
3362
3596
2854
1571
499
270
1017
2301
3370
3594
2842
1557
492
273
1029
2315
3376
3590
2830
1543
484
276
1041
2328
3384
3587
2818
1528
477
280
1053
2342
3390
3584
2806
1514
469
283
1065
2356
3399
3581
2794
1501
463
286
1077
2369
3406
3578
2782
1488
455
289
1089
2383
3412
3573
2770
1475
449
293
1100
2398
3419
3570
2759
1462
441
297
1112
2410
3428
3566
2747
1448
433
301
1124
2423
3434
3562
2734
1435
429
305
1136
2436
3440
3558
2722
1422
421
309
1150
2450
3446
3554
2709
1409
416
313
1162
2464
3453
3550
2696
1395
408
318
1174
2477
3460
3544
2684
1383
403
323
1187
2490
3465
3539
2672
1369
397
328
1200
2503
3471
3534
2659
1355
391
332
1212
2516
3477
3530
2648
1342
386
337
1224
2530
3483
3525
2635
1330
379
343
1236
2542
3490
3521
2622
1316
374
348
1249
2556
3495
3516
2610
1303
370
352
1262
2568
3500
3511
2597
1291
363
359
1275
2581
3505
3505
2584
1278
359
364
1288
2596
3510
3499
2570
1264
351
370
1301
2608
3516
3493
2557
1251
346
374
1314
2621
3521
3489
2544
1238
342
380
1329
2632
3526
3482
2531
1226
337
385
1341
2646
3530
3476
2519
1214
331
392
1354
2658
3535
3470
2504
1202
327
398
1367
2670
3540
3464
2492
1189
323
404
1380
2682
3544
3458
2479
1177
318
410
1393
2695
3550
3453
2464
1164
313
416
1407
2708
3554
3446
2450
1151
309
421
1421
2718
3558
3440
2437
1138
305
429
1433
2730
3563
3433
2425
1126
301
436
1447
2743
3566
3426
2411
1113
297
443
1461
2758
3570
3419
2398
1102
293
449
1474
2769
3574
3412
2384
1090
289
456
1487
2782
3578
3406
2372
1078
285
463
1500
2793
3582
3399
2358
1066
282
470
1514
2805
3584
3391
2344
1054
278
477
1527
2817
3588
3385
2331
1041
275
485
1541
2830
3591
3377
2317
1029
272
492
1554
2841
3594
3370
2304
1018
269
498
1570
2853
3598
3363
2291
1006
266
506
1583
2865
3599
3355
2276
995
264
514
1596
2876
3602
3349
2262
983
261
521
1610
2887
3606
3340
2248
973
258
530
1623
2898
3608
3333
2232
961
256
538
1636
2910
3611
3324
2220
949
253
546
1651
2921
3614
3316
2207
938
252
553
1664
2933
3614
3307
2194
928
251
562
1678
2945
3616
3300
2179
916
248
570
1691
2957
3618
3291
2167
904
246
578
1705
2967
3620
3283
2153
892
244
587
1719
2978
3622
3275
2139
882
242
595
1731
2989
3623
3265
2125
872
241
604
1746
3000
3624
3257
2111
861
240
612
1761
3011
3627
3248
2097
851
237
621
1775
3021
3629
3240
2082
839
236
629
1788
3032
3629
3231
2069
828
235
639
1804
3041
3630
3220
2055
818
235
648
1816
3052
3631
3212
2042
806
234
657
1830
3063
3633
3202
2028
796
232
666
1843
3074
3633
3193
2014
785
232
677
1857
3083
3634
3183
2000
776
231
686
1873
3093
3634
3173
1986
766
231
695
1885
3104
3634
3163
1972
755
230
705
1901
3114
3635
3155
1959
746
230
714
1915
3124
3634
3144
1945
736
231
724
1927
3132
3635
3135
1932
726
230
735
1939
3143
3635
3125
1918
717
230
743
1955
3152
3635
3116
1903
707
231
752
1968
3161
3635
3106
1890
697
231
763
1982
3171
3633
3096
1876
688
232
773
1996
3182
3633
3087
1861
678
232
783
2011
3191
3633
3077
1848
669
232
795
2025
3200
3632
3067
1833
659
233
804
2039
3209
3631
3055
1820
651
235
815
2051
3219
3630
3045
1807
642
236
826
2065
3228
3628
3034
1792
633
236
836
2079
3238
3627
3023
1778
624
238
848
2092
3246
3627
3013
1765
616
238
858
2107
3256
3624
3003
1749
606
240
868
2121
3264
3624
2991
1736
597
243
880
2135
3272
3622
2980
1721
590
244
890
2149
3281
3620
2969
1708
580
246
902
2162
3289
3618
2959
1695
572
248
914
2175
3298
3616
2947
1683
563
250
924
2189
3305
3614
2935
1669
555
252
936
2203
3314
3613
2923
1655
546
253
948
2216
3322
3610
2912
1642
538
255
959
2232
3331
3608
2901
1627
530
258
970
2245
3338
3605
2890
1614
522
261
981
2259
3346
3602
2878
1600
515
264
993
2272
3354
3600
2868
1587
507
267
1003
2287
3361
3597
2856
1572
500
269
1015
2300
3369
3594
2844
1559
493
272
1028
2313
3376
3591
2832
1544
485
275
1040
2327
3384
3588
2821
1530
478
279
1052
2341
3390
3584
2808
1516
470
281
1063
2354
3398
3582
2795
1502
464
285
1076
2368
3404
3578
2784
1490
457
289
1087
2380
3411
3574
2772
1477
450
293
1098
2397
3418
3570
2761
1463
443
297
1110
2408
3426
3566
2748
1450
436
301
1122
2422
3433
3563
2735
1437
429
305
1135
2435
3438
3558
2725
1423
422
309
1147
2448
3446
3554
2712
1411
416
313
1161
2464
3452
3550
2698
1397
409
318
1173
2475
3458
3546
2685
1383
403
323
1186
2488
3464
3539
2673
1370
397
328
1198
2501
3470
3536
2661
1357
392
331
1210
2514
3476
3531
2648
1344
387
337
1222
2529
3483
3526
2636
1332
380
342
1235
2541
3489
3521
2624
1318
374
347
1247
2554
3494
3516
2611
1305
370
351
1260
2567
3499
3511
2599
1293
365
357
1273
2580
3505
3506
2584
1279
359
363
1286
2594
3511
3501
2572
1265
352
369
1299
2606
3516
3495
2559
1252
347
373
1313
2619
3520
3490
2547
1241
342
379
1326
2632
3525
3485
2533
1228
337
384
1339
2644
3530
3478
2521
1216
332
391
1352
2656
3536
3471
2506
1203
327
397
1365
2668
3539
3465
2494
1191
323
403
1378
2680
3544
3460
2480
1178
318
409
1391
2693
3550
3454
2465
1165
313
415
1405
2705
3554
3448
2453
1154
310
421
1418
2717
3558
3442
2439
1139
305
427
1431
2730
3562
3434
2427
1127
301
433
1445
2741
3566
3428
2413
1115
297
441
1459
2757
3570
3420
2400
1103
294
449
1472
2768
3574
3414
2386
1092
289
455
1485
2779
3578
3406
2374
1080
286
463
1499
2791
3581
3400
2360
1069
283
468
1511
2803
3583
3393
2346
1056
279
475
1526
2815
3587
3385
2333
1044
277
483
1540
2828
3591
3378
2319
1031
272
491
1552
2840
3594
3370
2306
1021
269
498
1568
2851
3597
3364
2292
1008
267
505
1581
2863
3599
3356
2279
997
264
513
1595
2875
3602
3349
2264
985
261
521
1608
2886
3604
3341
2250
975
258
529
1622
2898
3608
3333
2236
963
257
536
1635
2909
3610
3325
2222
951
253
544
1648
2919
3613
3317
2209
940
252
551
1662
2931
3614
3309
2195
929
251
560
1676
2943
3615
3301
2181
916
248
569
1689
2955
3619
3292
2168
905
246
578
1703
2965
3619
3284
2155
894
244
586
1716
2976
3621
3276
2141
884
243
594
1730
2987
3622
3267
2127
872
241
603
1744
2997
3625
3258
2114
862
240
611
1759
3009
3626
3250
2099
852
237
619
1772
3020
3627
3242
2084
841
237
628
1786
3030
3628
3232
2071
829
236
637
1801
3040
3630
3223
2057
819
235
647
1814
3052
3631
3213
2044
808
234
655
1828
3060
3632
3204
2030
796
233
665
1841
3072
3633
3195
2017
787
232
675
1856
3082
3634
3185
2002
776
231
685
1869
3092
3634
3174
1988
767
231
694
1884
3102
3634
3165
1974
757
231
703
1898
3112
3634
3156
1961
746
230
713
1912
3123
3635
3146
1947
737
230
722
1925
3131
3635
3137
1933
727
230
732
1938
3141
3635
3126
1920
718
230
742
1953
3151
3635
3117
1905
709
231
752
1966
3160
3635
3107
1892
699
231
761
1980
3169
3634
3098
1879
689
232
771
1994
3179
3633
3088
1863
679
232
782
2009
3189
3633
3078
1850
671
232
793
2022
3199
3632
3067
1836
660
233
803
2037
3208
3631
3056
1822
651
234
813
2049
3218
3630
3047
1808
643
235
824
2063
3227
3629
3035
1795
634
236
834
2077
3237
3627
3026
1780
625
238
847
2091
3245
3627
3015
1767
617
238
856
2106
3254
3626
3005
1752
607
240
867
2120
3262
3623
2993
1737
598
242
878
2134
3271
3622
2981
1724
590
244
888
2147
3279
3620
2971
1711
582
246
900
2160
3288
3618
2959
1697
573
248
911
2173
3296
3615
2947
1684
564
250
923
2188
3305
3615
2936
1671
557
252
934
2201
3313
3613
2925
1658
547
253
946
2215
3321
3611
2914
1643
540
256
957
2229
3329
3608
2902
1631
532
258
969
2242
3338
3605
2891
1617
524
260
980
2256
3345
3602
2880
1602
516
263
991
2270
3353
3600
2869
1587
509
266
1002
2285
3360
3598
2858
1575
501
269
1013
2297
3368
3594
2846
1560
494
271
1027
2311
3374
3592
2834
1546
486
275
1038
2325
3383
3588
2822
1532
479
278
1050
2339
3389
3585
2810
1518
471
282
1062
2352
3396
3582
2797
1505
465
284
1073
2367
3403
3578
2786
1492
457
289
1086
2380
3410
3574
2774
1479
451
293
1096
2394
3418
3570
2762
1464
445
296
1109
2407
3424
3566
2750
1452
437
301
1121
2420
3430
3563
2737
1439
431
304
1134
2433
3438
3560
2724
1426
422
308
1146
2445
3445
3555
2714
1414
418
313
1158
2461
3451
3550
2700
1399
411
317
1171
2473
3458
3546
2688
1386
404
321
1184
2486
3463
3541
2675
1372
398
327
1196
2499
3469
3536
2663
1359
393
331
1208
2512
3475
3532
2650
1347
387
336
1220
2526
3482
3526
2638
1334
381
341
1233
2539
3488
3521
2625
1319
375
346
1246
2552
3493
3517
2614
1307
370
351
1258
2565
3498
3511
2600
1294
365
357
1271
2578
3504
3506
2588
1279
359
363
1284
2592
3510
3501
2573
1267
355
368
1297
2604
3515
3495
2561
1255
347
373
1311
2618
3520
3490
2548
1243
343
378
1325
2630
3525
3485
2534
1230
337
384
1338
2642
3529
3478
2523
1218
332
389
1350
2654
3534
3472
2508
1205
328
396
1363
2666
3539
3466
2495
1192
323
401
1376
2679
3543
3460
2482
1181
319
408
1389
2691
3549
3454
2467
1167
313
414
1403
2705
3553
3449
2453
1154
310
420
1416
2715
3558
3442
2441
1142
305
426
1429
2728
3562
3436
2428
1129
301
433
1443
2740
3566
3429
2415
1117
297
440
1457
2755
3568
3421
2401
1105
294
448
1470
2765
3574
3415
2388
1093
290
454
1483
2778
3576
3407
2375
1081
285
461
1497
2790
3581
3401
2362
1069
283
468
1511
2802
3584
3393
2348
1057
279
475
1524
2814
3586
3386
2334
1045
277
482
1537
2826
3591
3379
2321
1033
273
489
1551
2838
3594
3372
2307
1021
269
497
1565
2850
3597
3365
2293
1010
267
504
1579
2862
3599
3357
2281
997
264
512
1593
2873
3602
3350
2265
986
262
520
1606
2885
3604
3342
2252
976
258
527
1619
2896
3608
3334
2239
964
256
535
1632
2908
3610
3327
2224
953
254
544
1647
2918
3612
3318
2210
942
252
550
1660
2930
3614
3310
2197
930
251
558
1674
2941
3615
3301
2182
919
249
567
1688
2952
3617
3293
2170
906
246
576
1701
2964
3620
3285
2156
896
244
585
1714
2975
3621
3276
2142
885
243
593
1729
2986
3623
3268
2129
874
241
602
1742
2996
3624
3259
2115
864
240
610
1757
3008
3627
3251
2101
853
238
618
1771
3019
3628
3242
2087
843
237
627
1784
3029
3629
3234
2073
830
236
636
1799
3039
3630
3223
2060
820
235
646
1813
3051
3631
3214
2046
810
234
655
1826
3060
3632
3205
2032
799
234
663
1840
3070
3633
3196
2018
788
232
674
1854
3081
3633
3185
2004
779
231
683
1869
3092
3634
3176
1990
767
230
693
1883
3101
3634
3167
1975
758
230
703
1897
3110
3634
3157
1962
747
230
711
1910
3121
3635
3147
1949
738
230
721
1924
3130
3636
3138
1935
729
229
731
1936
3141
3635
3129
1921
719
230
740
1951
3150
3635
3119
1907
709
230
750
1965
3159
3635
3109
1893
700
231
760
1978
3169
3634
3099
1880
691
231
769
1994
3178
3632
3090
1865
681
232
780
2006
3189
3633
3080
1851
671
232
791
2021
3198
3632
3067
1838
661
233
802
2035
3208
3632
3057
1823
652
233
812
2048
3217
3631
3048
1809
645
235
822
2062
3225
3629
3037
1797
636
236
833
2075
3236
3628
3027
1781
626
237
845
2089
3245
3628
3016
1768
618
239
855
2103
3253
3625
3005
1753
607
240
866
2118
3262
3624
2995
1739
598
242
876
2131
3270
3623
2983
1726
590
243
887
2145
3279
3621
2971
1712
582
245
898
2159
3287
3619
2961
1698
574
247
909
2172
3296
3616
2950
1687
565
250
921
2186
3305
3615
2938
1672
558
251
932
2200
3313
3614
2926
1659
548
253
946
2213
3321
3611
2915
1646
540
254
956
2228
3329
3609
2903
1631
532
258
968
2240
3338
3606
2892
1617
523
260
979
2254
3345
3604
2882
1602
516
262
989
2268
3353
3601
2870
1590
509
266
1001
2284
3360
3598
2858
1576
502
269
1013
2296
3368
3594
2846
1561
495
271
1025
2310
3374
3592
2835
1548
487
275
1037
2324
3381
3589
2822
1534
480
278
1048
2337
3388
3586
2811
1520
472
281
1061
2352
3395
3582
2799
1507
465
284
1073
2364
3403
3579
2787
1493
458
288
1084
2378
3410
3574
2775
1480
451
292
1095
2393
3418
3570
2762
1466
445
296
1107
2405
3424
3567
2751
1454
437
300
1120
2419
3430
3564
2738
1441
432
303
1132
2432
3438
3560
2727
1427
423
307
1145
2444
3444
3555
2715
1415
418
313
1158
2458
3450
3550
2701
1399
411
317
1170
2472
3457
3546
2689
1387
404
321
1183
2485
3463
3542
2677
1373
399
325
1194
2498
3468
3537
2665
1360
393
329
1207
2511
3475
3532
2651
1347
388
336
1219
2525
3481
3526
2640
1335
380
340
1232
2539
3488
3522
2627
1321
375
345
1244
2551
3493
3518
2615
1308
371
349
1257
2564
3498
3513
2602
1295
366
357
1269
2576
3503
3507
2588
1283
360
362
1283
2591
3509
3502
2575
1268
353
367
1296
2604
3515
3496
2562
1255
348
372
1309
2616
3519
3491
2550
1243
343
378
1324
2628
3524
3486
2537
1231
338
384
1337
2640
3529
3479
2523
1218
333
389
1349
2653
3534
3473
2509
1206
329
395
1362
2665
3538
3467
2497
1194
324
401
1375
2678
3543
3461
2484
1181
319
407
1388
2690
3548
3454
2468
1169
313
413
1402
2703
3550
3448
2456
1154
311
419
1415
2714
3558
3442
2443
1142
305
425
1428
2726
3561
3436
2430
1130
301
433
1442
2738
3566
3429
2416
1118
298
440
1455
2753
3568
3422
2403
1106
294
447
1469
2765
3573
3415
2390
1094
291
453
1482
2777
3577
3408
2376
1083
286
461
1495
2789
3581
3402
2363
1071
283
467
1510
2800
3583
3394
2350
1059
280
474
1523
2812
3586
3387
2336
1046
277
481
1536
2825
3590
3381
2322
1034
273
489
1550
2838
3594
3373
2309
1022
270
496
1564
2849
3596
3366
2295
1011
267
502
1577
2860
3599
3359
2282
999
265
511
1591
2872
3602
3351
2267
987
262
518
1604
2884
3604
3343
2254
977
259
526
1616
2894
3607
3335
2240
966
256
534
1631
2907
3610
3327
2226
954
254
542
1644
2918
3612
3319
2212
942
252
550
1658
2928
3614
3312
2199
931
251
558
1672
2939
3615
3305
2185
920
250
566
1686
2951
3618
3294
2171
907
246
574
1700
2963
3620
3286
2158
896
245
584
1713
2973
3621
3277
2145
886
243
592
1726
2985
3623
3269
2131
875
241
601
1741
2995
3625
3261
2117
865
240
610
1755
3007
3627
3252
2103
855
238
617
1769
3018
3628
3244
2087
843
237
626
1783
3028
3629
3234
2075
831
236
635
1798
3039
3630
3225
2061
821
234
644
1810
3049
3631
3216
2047
811
234
653
1824
3060
3632
3205
2034
800
233
663
1838
3068
3634
3197
2020
789
232
671
1853
3080
3634
3187
2006
779
231
682
1867
3090
3634
3177
1992
769
230
691
1881
3101
3635
3168
1978
759
230
701
1895
3110
3635
3157
1964
749
230
710
1909
3121
3635
3148
1950
739
231
720
1922
3129
3635
3139
1936
730
230
730
1935
3139
3635
3129
1923
720
230
739
1950
3149
3634
3120
1909
711
230
749
1964
3158
3635
3110
1895
701
231
759
1977
3167
3634
3099
1881
691
231
769
1992
3178
3633
3091
1867
682
232
779
2006
3187
3634
3081
1853
671
232
789
2019
3197
3632
3070
1840
662
232
800
2033
3207
3631
3059
1825
653
234
811
2047
3216
3631
3049
1811
646
234
821
2061
3225
3630
3038
1798
635
236
832
2074
3235
3629
3028
1783
627
237
843
2087
3244
3627
3018
1769
618
239
855
2102
3252
3626
3007
1756
609
240
864
2117
3261
3624
2995
1741
600
241
875
2130
3270
3623
2984
1727
591
243
886
2144
3278
3621
2974
1713
582
245
897
2158
3286
3619
2963
1700
574
247
908
2171
3295
3617
2951
1689
566
250
920
2185
3304
3615
2939
1674
558
251
932
2198
3312
3614
2927
1660
549
252
942
2210
3320
3612
2916
1647
542
254
955
2226
3328
3609
2905
1631
534
257
965
2239
3337
3606
2894
1619
526
260
978
2252
3344
3603
2883
1605
518
263
988
2266
3351
3601
2871
1591
510
266
1000
2282
3358
3598
2860
1579
503
269
1011
2294
3366
3595
2848
1565
497
271
1024
2308
3372
3592
2838
1551
489
274
1036
2322
3380
3589
2825
1536
481
278
1047
2335
3386
3586
2812
1523
473
281
1059
2349
3394
3582
2800
1508
467
285
1072
2362
3401
3579
2788
1495
460
288
1083
2376
3408
3574
2777
1482
453
293
1094
2389
3415
3571
2765
1469
447
297
1107
2404
3422
3566
2753
1455
439
301
1118
2416
3430
3563
2739
1443
433
303
1131
2430
3436
3560
2728
1430
425
309
1142
2442
3443
3556
2716
1415
419
313
1154
2456
3448
3550
2702
1402
413
317
1169
2471
3456
3546
2689
1388
406
321
1182
2484
3462
3541
2677
1375
401
326
1194
2496
3467
3537
2665
1363
394
330
1206
2509
3474
3532
2653
1350
388
335
1218
2523
3479
3526
2641
1337
383
340
1230
2536
3487
3522
2629
1325
377
345
1243
2549
3492
3518
2616
1310
372
350
1255
2562
3497
3513
2603
1297
367
355
1268
2574
3502
3507
2590
1285
362
362
1283
2589
3509
3502
2576
1270
356
367
1295
2602
3514
3497
2564
1258
349
372
1308
2615
3519
3491
2551
1245
344
377
1321
2627
3523
3486
2538
1233
339
383
1335
2639
3528
3479
2524
1220
334
389
1347
2651
3533
3474
2511
1208
329
395
1360
2664
3538
3467
2498
1196
325
400
1372
2676
3542
3462
2485
1183
319
407
1387
2689
3546
3454
2471
1170
316
413
1399
2701
3550
3450
2457
1157
312
419
1414
2713
3557
3444
2444
1144
306
425
1426
2725
3561
3437
2431
1132
302
432
1440
2736
3565
3430
2417
1120
298
439
1454
2752
3568
3422
2404
1108
295
446
1467
2762
3572
3416
2392
1095
291
453
1480
2775
3576
3410
2378
1085
286
459
1493
2786
3579
3402
2365
1073
284
466
1507
2799
3583
3395
2352
1061
281
473
1521
2811
3586
3388
2337
1048
277
481
1534
2822
3589
3381
2323
1035
274
489
1548
2836
3593
3373
2310
1024
270
496
1561
2847
3596
3366
2296
1013
268
503
1576
2859
3598
3359
2284
1001
265
511
1589
2870
3602
3352
2269
989
262
517
1603
2882
3603
3344
2256
979
260
525
1615
2893
3606
3336
2242
968
257
534
1630
2904
3609
3328
2228
955
255
542
1643
2916
3612
3320
2214
944
253
550
1657
2927
3614
3312
2200
932
251
558
1671
2938
3615
3305
2186
922
249
566
1685
2950
3617
3295
2172
910
247
574
1698
2961
3619
3287
2159
898
245
582
1711
2973
3621
3278
2146
888
244
591
1724
2983
3622
3270
2132
876
241
600
1738
2994
3624
3261
2119
866
240
609
1752
3006
3626
3253
2105
856
239
617
1767
3016
3627
3244
2089
845
237
626
1781
3026
3628
3236
2076
833
236
634
1796
3037
3629
3225
2063
823
235
643
1809
3048
3631
3217
2048
812
234
652
1823
3058
3631
3207
2036
801
233
661
1837
3068
3632
3197
2022
791
232
671
1850
3078
3634
3188
2009
780
231
681
1865
3088
3633
3179
1994
769
232
690
1880
3099
3635
3169
1979
761
231
700
1893
3109
3635
3159
1965
750
230
709
1907
3119
3635
3150
1951
740
230
719
1920
3128
3635
3140
1938
732
230
728
1933
3137
3635
3130
1925
722
230
737
1948
3147
3635
3121
1911
711
231
748
1961
3157
3635
3111
1897
702
230
757
1974
3166
3635
3101
1883
693
232
768
1989
3176
3633
3091
1869
683
232
778
2004
3185
3633
3082
1855
671
232
788
2018
3196
3632
3072
1841
664
233
799
2031
3205
3631
3060
1827
655
234
810
2046
3214
3631
3050
1813
646
235
820
2059
3223
3630
3040
1800
637
236
830
2072
3233
3628
3029
1785
629
237
842
2085
3243
3627
3018
1771
619
239
854
2099
3250
3626
3007
1757
613
240
863
2115
3260
3624
2996
1742
601
241
874
2128
3268
3623
2986
1729
592
244
885
2142
3276
3621
2975
1715
584
245
895
2156
3285
3618
2963
1701
576
247
906
2169
3293
3616
2952
1688
566
249
919
2182
3301
3615
2940
1676
558
251
930
2196
3310
3614
2928
1663
550
253
942
2210
3319
3612
2918
1648
543
254
953
2223
3326
3610
2906
1635
534
257
964
2238
3335
3606
2895
1620
527
259
976
2251
3343
3604
2885
1606
519
262
986
2265
3350
3602
2873
1593
511
265
998
2280
3357
3599
2861
1580
504
268
1009
2293
3365
3596
2850
1567
497
270
1021
2307
3372
3593
2838
1551
489
273
1033
2320
3379
3590
2826
1538
482
277
1045
2333
3386
3586
2814
1524
475
280
1057
2346
3394
3583
2802
1510
467
284
1069
2362
3401
3580
2790
1496
460
287
1081
2375
3407
3576
2778
1483
453
291
1093
2388
3415
3572
2766
1470
447
295
1105
2403
3422
3568
2755
1457
439
298
1116
2415
3430
3564
2741
1444
433
301
1128
2428
3435
3561
2729
1431
425
306
1142
2441
3443
3557
2717
1417
419
311
1154
2455
3449
3550
2705
1403
413
315
1167
2468
3456
3546
2692
1389
406
320
1180
2482
3462
3542
2680
1377
401
325
1192
2495
3467
3538
2667
1364
395
329
1204
2508
3474
3533
2655
1351
389
335
1217
2522
3478
3528
2643
1338
383
339
1228
2535
3487
3523
2631
1326
377
344
1241
2548
3491
3519
2617
1311
372
349
1253
2560
3497
3514
2605
1298
367
354
1266
2573
3502
3508
2592
1286
362
361
1279
2586
3507
3502
2578
1272
356
366
1293
2600
3513
3498
2566
1259
349
372
1305
2612
3517
3491
2552
1247
345
376
1319
2626
3522
3487
2539
1234
340
382
1334
2637
3527
3480
2526
1222
335
389
1346
2649
3532
3474
2512
1210
329
394
1359
2662
3538
3468
2500
1198
325
400
1371
2675
3542
3462
2487
1185
321
405
1384
2687
3546
3456
2471
1170
316
412
1399
2699
3550
3450
2459
1158
313
418
1412
2711
3556
3445
2446
1146
307
425
1424
2724
3560
3438
2433
1134
302
432
1438
2735
3565
3430
2419
1122
299
438
1452
2751
3568
3424
2407
1109
295
445
1465
2762
3572
3418
2393
1097
292
451
1478
2773
3575
3410
2380
1085
287
458
1491
2785
3579
3403
2367
1074
284
465
1504
2797
3582
3396
2352
1062
281
473
1519
2810
3586
3389
2339
1049
278
479
1533
2822
3589
3382
2326
1038
274
487
1546
2834
3593
3375
2312
1025
271
494
1559
2846
3596
3368
2298
1013
268
501
1574
2857
3598
3361
2286
1002
265
509
1588
2869
3601
3353
2272
991
263
517
1601
2880
3604
3345
2258
980
259
524
1615
2891
3607
3337
2244
968
256
532
1628
2903
3609
3329
2230
956
255
540
1641
2915
3611
3321
2216
946
253
548
1655
2925
3614
3313
2202
934
251
556
1669
2936
3615
3305
2188
923
249
565
1683
2947
3616
3296
2174
912
247
573
1696
2960
3619
3288
2162
900
245
582
1709
2971
3621
3279
2147
889
243
590
1723
2982
3623
3271
2134
878
242
598
1737
2992
3623
3263
2121
867
240
607
1749
3005
3626
3254
2107
856
239
615
1765
3015
3626
3245
2092
847
237
624
1780
3026
3629
3237
2078
835
237
633
1795
3035
3630
3226
2064
824
235
642
1808
3045
3630
3218
2051
814
235
651
1821
3057
3631
3208
2037
803
234
660
1835
3066
3633
3199
2024
792
232
671
1849
3076
3633
3189
2010
782
232
679
1863
3087
3634
3179
1994
772
231
689
1877
3098
3634
3170
1981
761
231
699
1891
3108
3635
3161
1967
752
230
708
1904
3118
3634
3151
1952
741
230
718
1919
3126
3635
3141
1939
733
229
727
1933
3136
3635
3131
1927
722
230
736
1946
3146
3635
3122
1912
713
231
747
1960
3156
3634
3112
1899
703
231
756
1974
3165
3634
3103
1885
694
231
766
1987
3174
3634
3092
1869
684
232
776
2002
3185
3633
3083
1857
675
232
786
2015
3195
3633
3073
1843
665
232
796
2030
3204
3632
3062
1828
655
233
808
2044
3213
3631
3051
1815
647
234
818
2057
3223
3630
3041
1802
638
236
830
2071
3233
3629
3030
1787
630
237
841
2083
3243
3627
3020
1773
620
239
852
2097
3249
3627
3009
1759
612
240
862
2113
3259
3625
2998
1744
602
241
872
2127
3267
3623
2987
1730
593
243
884
2140
3276
3621
2976
1717
585
244
894
2154
3285
3619
2965
1703
577
247
905
2168
3292
3617
2954
1689
569
249
916
2181
3301
3615
2943
1678
558
251
929
2195
3309
3614
2931
1664
551
253
940
2208
3317
3612
2919
1650
543
253
951
2221
3325
3609
2907
1637
535
256
963
2236
3334
3607
2896
1622
527
259
974
2249
3341
3605
2886
1608
520
262
985
2264
3349
3601
2875
1595
512
264
996
2278
3356
3599
2863
1582
505
268
1008
2291
3364
3595
2852
1569
497
269
1020
2305
3371
3594
2840
1554
490
273
1032
2319
3378
3590
2828
1540
482
277
1044
2332
3385
3587
2816
1524
475
280
1056
2344
3393
3584
2804
1511
468
283
1067
2360
3401
3580
2792
1498
461
286
1080
2372
3407
3577
2779
1485
453
290
1092
2386
3414
3573
2767
1472
448
295
1103
2401
3421
3568
2757
1458
440
298
1115
2413
3429
3565
2742
1446
433
302
1127
2427
3436
3562
2730
1432
426
306
1139
2440
3442
3557
2720
1419
420
311
1154
2453
3448
3553
2707
1406
414
313
1166
2467
3454
3549
2694
1391
407
320
1178
2480
3461
3543
2681
1379
401
324
1190
2493
3466
3538
2669
1366
395
329
1202
2506
3472
3534
2656
1353
390
333
1215
2521
3478
3529
2645
1339
384
339
1227
2533
3486
3523
2632
1327
378
344
1239
2546
3490
3519
2619
1313
373
349
1252
2559
3496
3514
2607
1300
368
353
1265
2572
3501
3509
2594
1287
363
360
1279
2584
3507
3503
2580
1273
357
365
1291
2599
3513
3498
2567
1260
350
371
1303
2612
3517
3493
2555
1248
345
375
1318
2624
3522
3488
2540
1235
341
381
1332
2636
3527
3481
2528
1223
335
387
1344
2649
3532
3475
2514
1211
329
393
1357
2661
3537
3469
2501
1199
325
399
1370
2673
3541
3463
2489
1186
321
405
1383
2685
3546
3457
2474
1173
317
412
1397
2698
3550
3450
2461
1160
313
417
1411
2710
3556
3446
2448
1148
307
423
1423
2722
3560
3438
2434
1136
303
429
1436
2734
3564
3430
2421
1123
300
437
1450
2747
3566
3424
2408
1110
295
444
1464
2761
3571
3418
2395
1098
293
450
1477
2772
3574
3411
2382
1087
288
457
1489
2784
3578
3404
2368
1076
285
465
1503
2795
3582
3397
2354
1064
281
472
1518
2809
3585
3390
2340
1051
278
479
1531
2821
3589
3383
2327
1040
274
486
1544
2833
3592
3375
2314
1027
271
493
1558
2844
3595
3369
2300
1015
268
501
1573
2856
3598
3361
2287
1003
266
508
1586
2867
3600
3353
2272
992
263
515
1600
2878
3604
3346
2259
981
260
523
1613
2890
3607
3338
2245
970
258
530
1627
2902
3608
3329
2232
958
254
539
1640
2913
3611
3321
2218
947
253
547
1654
2925
3613
3313
2204
935
252
556
1668
2935
3615
3305
2190
924
250
564
1682
2947
3616
3297
2176
912
247
572
1694
2959
3619
3289
2163
901
245
580
1707
2970
3620
3281
2150
890
244
589
1721
2981
3622
3273
2136
879
241
597
1735
2991
3624
3263
2123
869
241
606
1749
3004
3625
3255
2107
857
239
614
1765
3014
3628
3246
2094
847
237
623
1779
3024
3628
3239
2079
836
236
632
1793
3034
3630
3229
2066
825
235
641
1807
3045
3631
3219
2052
814
234
650
1820
3055
3631
3209
2039
804
233
660
1833
3065
3632
3200
2026
794
232
670
1847
3076
3633
3191
2012
784
231
679
1861
3086
3633
3181
1997
773
231
688
1877
3096
3634
3171
1982
762
231
698
1889
3106
3634
3162
1968
752
230
707
1904
3116
3635
3152
1956
743
230
717
1917
3125
3635
3142
1942
735
230
726
1931
3135
3635
3133
1929
723
230
736
1944
3145
3635
3124
1914
714
230
745
1958
3155
3635
3113
1900
704
231
755
1972
3165
3634
3104
1887
695
231
765
1986
3173
3634
3093
1873
686
232
776
2000
3184
3633
3084
1858
676
232
785
2014
3193
3633
3074
1845
667
233
796
2029
3203
3632
3063
1830
657
233
808
2042
3213
3631
3052
1817
647
235
817
2055
3221
3630
3041
1804
639
236
828
2070
3231
3628
3032
1788
631
237
840
2082
3241
3627
3021
1773
621
238
850
2095
3248
3627
3011
1761
614
239
860
2111
3258
3625
2999
1747
604
241
872
2125
3266
3623
2987
1732
595
243
883
2139
3275
3621
2977
1719
587
244
893
2153
3283
3619
2966
1704
578
247
904
2166
3291
3617
2955
1691
569
248
916
2179
3301
3615
2945
1679
561
251
927
2193
3309
3615
2933
1665
552
252
938
2206
3317
3613
2920
1653
545
254
950
2220
3324
3610
2909
1638
536
256
962
2235
3333
3608
2898
1624
528
258
974
2248
3341
3605
2887
1611
521
261
983
2262
3349
3602
2876
1597
513
264
996
2276
3355
3599
2864
1583
505
267
1007
2290
3363
3596
2853
1571
498
270
1018
2303
3370
3594
2842
1555
491
273
1031
2317
3377
3590
2830
1541
483
276
1043
2330
3385
3587
2816
1528
476
279
1055
2344
3391
3583
2805
1513
469
283
1066
2358
3399
3581
2793
1500
462
285
1078
2371
3406
3577
2781
1486
455
290
1090
2384
3412
3573
2769
1473
449
293
1101
2399
3419
3568
2758
1460
441
298
1114
2412
3428
3566
2745
1447
433
301
1125
2425
3435
3562
2732
1434
427
305
1138
2438
3442
3558
2721
1421
421
310
1150
2452
3448
3553
2709
1407
415
313
1164
2464
3454
3549
2695
1393
408
319
1176
2479
3461
3544
2683
1380
402
323
1189
2492
3465
3538
2670
1367
396
329
1201
2504
3471
3534
2658
1354
391
333
1213
2519
3478
3530
2646
1340
385
338
1225
2531
3485
3524
2633
1328
378
343
1238
2544
3490
3520
2620
1314
373
348
1250
2556
3495
3515
2608
1302
368
353
1263
2570
3501
3510
2596
1289
363
359
1277
2584
3506
3504
2582
1277
357
364
1290
2597
3512
3499
2569
1263
351
370
1303
2610
3517
3493
2556
1250
346
374
1315
2622
3521
3489
2543
1237
341
380
1330
2634
3526
3482
2531
1225
336
387
1342
2648
3530
3476
2518
1213
331
392
1355
2658
3536
3470
2503
1201
327
398
1369
2671
3540
3464
2490
1188
321
405
1381
2684
3546
3457
2476
1174
317
410
1395
2697
3550
3452
2462
1162
313
416
1408
2708
3556
3446
2449
1150
309
423
1422
2720
3558
3440
2436
1137
303
429
1435
2733
3563
3432
2423
1125
300
437
1448
2744
3566
3426
2410
1112
297
443
1462
2759
3570
3418
2396
1100
293
449
1475
2770
3574
3412
2384
1089
287
457
1489
2783
3578
3404
2370
1077
285
464
1502
2794
3582
3397
2356
1065
282
470
1516
2806
3584
3390
2342
1053
278
477
1529
2818
3588
3384
2329
1041
275
485
1543
2830
3592
3376
2316
1029
271
493
1556
2842
3594
3369
2302
1017
269
499
1571
2854
3598
3363
2289
1005
266
506
1584
2866
3600
3354
2273
993
263
514
1598
2878
3603
3346
2260
981
261
522
1612
2888
3606
3339
2247
971
258
530
1624
2900
3609
3331
2232
959
255
538
1639
2912
3611
3323
2219
948
253
546
1652
2923
3613
3315
2205
937
252
554
1666
2935
3615
3307
2192
926
250
562
1680
2946
3616
3299
2178
915
248
571
1693
2957
3618
3290
2165
902
245
579
1706
2968
3621
3282
2152
891
244
588
1720
2979
3622
3273
2138
880
242
596
1733
2990
3623
3264
2123
870
240
605
1748
3002
3625
3256
2111
859
239
613
1763
3012
3626
3247
2095
849
237
622
1776
3023
3628
3239
2080
837
236
631
1789
3033
3629
3230
2067
827
236
639
1804
3043
3631
3219
2054
817
235
649
1818
3055
3631
3210
2040
804
234
659
1831
3064
3633
3201
2027
796
233
669
1845
3074
3633
3192
2013
784
232
677
1859
3084
3634
3183
1999
775
231
687
1873
3095
3634
3172
1984
764
230
696
1888
