* 24 --- 7/21/2015 10:15:26 AM --- 
-6.584174359946, 0, 37.8767296468749, 37.8767296468749, , , , , 
-6.58370368995367, 0, 37.8738962135211, 37.8738962135211, , , , , 
-6.58476226593987, 0, 37.880268840958, 37.8795612328393, , , , , 
-6.58146380438963, 0, 37.8604121024255, 37.8604121024255, , , , , 
* 43 --- 7/21/2015 10:37:10 AM --- 
-6.58487978966827, 0, 37.880976333803, 37.880976333803, , , , , 
-6.58370368995367, 0, 37.8738962135211, 37.8738962135211, , , , , 
-6.58476226593987, 0, 37.880268840958, 37.880268840958, , , , , 
-6.58146380438963, 0, 37.8604121024255, 37.8604121024255, , , , , 
* 42 --- 7/21/2015 10:56:45 AM --- 1
-6.585232246025, 0, 37.8830981210705, 37.8830981210705, , , , , 
-6.57980890088296, 0, 37.8504495833154, 37.8504495833154, , , , , 
-6.58487978966827, 0, 37.880976333803, 37.880976333803, , , , , 
-6.5851147797046, 0, 37.8823909738217, 37.8823909738217, , , , , 
* 42 --- 7/21/2015 11:13:04 AM --- 2
-6.58429197947918, 0, 37.8774377164647, 37.8774377164647, , , , , 
-6.58122762190097, 0, 37.8589902838438, 37.8589902838438, , , , , 
-6.58346823975408, 0, 37.8724788033195, 37.8724788033195, , , , , 
-6.58382138624321, 0, 37.8746047451842, 37.8746047451842, , , , , 
* 1338 --- 7/21/2015 11:22:01 AM --- 
-6.5851147797046, 0, 37.8823909738217, 37.8823909738217, , , , , 
-6.58311492030934, 0, 37.8703518202622, 37.8703518202622, , , , , 
-6.584174359946, 0, 37.8767296468749, 37.8760214618234, , , , , 
-6.584174359946, 0, 37.8767296468749, 37.8767296468749, , , , , 
* 1339 --- 7/21/2015 11:25:36 AM --- 
-6.58429197947918, 0, 37.8774377164647, 37.8774377164647, , , , , 
-6.58228983471396, 0, 37.865384804978, 37.865384804978, , , , , 
-6.585232246025, 0, 37.8830981210705, 37.8830981210705, , , , , 
-6.58276142773951, 0, 37.8682237949919, 37.8682237949919, , , , , 
* 123 --- 7/21/2015 11:29:29 AM --- 
-6.585232246025, 0, 37.8830981210705, 37.8830981210705, , , , , 
-6.58499729425443, 0, 37.8816837114117, 37.8816837114117, , , , , 
-6.58346823975408, 0, 37.8724788033195, 37.8717699247055, , , , , 
-6.58193593752503, 0, 37.8632543439007, 37.8632543439007, , , , , 
* 124 --- 7/21/2015 11:33:20 AM --- 
-6.5821718882729, 0, 37.8646747674028, 37.8646747674028, , , , , 
-6.58487978966827, 0, 37.880976333803, 37.880976333803, , , , , 
-6.58452716103144, 0, 37.8788535094092, 37.8788535094092, , , , , 
-6.585232246025, 0, 37.8830981210705, 37.8830981210705, , , , , 
* 111 --- 7/21/2015 11:45:45 AM --- 
10.0773435884608, -72.3354275585841, -62.4256084025339, -62.4788349136384,   5.06,   -72.34,   15.02,   -73.58,   14.92,   -75.40,   14.86,   -76.69,   14.97,   -77.29
10.1544936456695, -71.4311904185097, -62.8900517469304, -62.914579075469,   15.02,   -71.43,   5.06,   -73.98,   14.92,   -77.75,   14.97,   -78.60,   14.86,   -79.56
10.0500199685286, -73.0397206259662, -62.2611202105422, -62.2870414907214,   15.02,   -73.04,   5.06,   -74.98,   5.58,   -78.63,   4.43,   -78.79,   14.45,   -78.96
10.0390834833166, -72.9484689424304, -62.1952825695661, -62.2669446898936,   15.02,   -72.95,   5.06,   -74.11,   14.92,   -76.91,   14.86,   -77.07,   14.97,   -77.81
* 1111 --- 7/21/2015 11:50:00 AM --- 
10.0760488123877, -72.5133653208592, -62.4178138505742, -62.4699091460081,   5.06,   -72.51,   15.02,   -73.50,   14.92,   -74.89,   14.97,   -77.69,   14.86,   -77.70
10.2130489484449, -72.4754903048664, -63.2425546696384, -63.2783092965337,   15.02,   -72.48,   14.97,   -76.59,   15.12,   -79.31,   5.06,   -80.98,   15.28,   -81.26
10.0803214288513, -73.2479052851529, -62.4435350016849, -62.4640624009835,   15.02,   -73.25,   5.06,   -75.13,   5.58,   -78.30,   5.48,   -78.47,   4.43,   -79.14
10.0265636174563, -72.6677998364499, -62.1199129770866, -62.2076674800056,   15.02,   -72.67,   5.27,   -76.36,   14.97,   -77.27,   15.18,   -77.91,   5.58,   -78.36
* 1111 --- 7/21/2015 11:52:40 AM --- 1
10.0774451467475, -73.0011154726638, -62.42621978342, -62.4843175916418,   5.06,   -73.00,   15.02,   -73.80,   14.92,   -74.84,   14.97,   -77.24,   14.86,   -78.23
10.2664356307418, -73.4750831535239, -63.5639424970657, -63.5916922855662,   15.02,   -73.48,   5.06,   -76.94,   14.97,   -79.42,   14.92,   -80.61,   15.28,   -81.39
10.0524635310028, -71.6043349243017, -62.2758304566369, -62.2993241132957,   15.02,   -71.60,   5.58,   -78.18,   5.48,   -78.74,   4.43,   -78.87,   14.45,   -79.19
9.89919945117996, -69.7004659213366, -61.3531806961034, -61.410693616534,   15.02,   -69.70,   14.97,   -75.40,   5.27,   -76.68,   15.18,   -77.11,   5.48,   -77.48
* 1111 --- 7/21/2015 12:04:37 PM --- 2
10.2044757756259, -72.3274663634786, -63.1909441692678, -63.2598183468876,   15.02,   -72.33,   15.07,   -79.15,   15.28,   -79.72,   14.92,   -80.07,   5.06,   -80.22
10.2003343219739, -72.030229157897, -63.1660126182831, -63.2038945314928,   15.02,   -72.03,   14.97,   -75.39,   15.07,   -78.69,   4.90,   -79.32,   15.12,   -79.76
10.0443709843448, -73.2004684102804, -62.2271133257557, -62.2470172482979,   15.02,   -73.20,   5.06,   -75.50,   5.48,   -78.29,   5.58,   -78.75,   5.01,   -79.12
9.99543419040569, -72.6520316571611, -61.9325138262423, -62.0150638841243,   15.02,   -72.65,   5.27,   -76.66,   14.97,   -76.68,   5.48,   -77.58,   15.18,   -78.05
* 1111 --- 7/21/2015 12:09:10 PM --- 3
9.94592527323647, -70.528345928453, -61.6344701448836, -61.6795925149286,   5.06,   -70.53,   15.02,   -72.18,   14.92,   -72.80,   4.95,   -75.58,   14.97,   -75.82
10.2053883045787, -72.1948620287295, -63.1964375935637, -63.235625929225,   15.02,   -72.19,   14.97,   -75.65,   15.07,   -78.84,   4.90,   -79.66,   15.12,   -79.71
10.0956751257581, -73.3585401383015, -62.5359642570639, -62.5636211767854,   15.02,   -73.36,   5.06,   -75.44,   5.48,   -77.73,   5.58,   -78.84,   4.43,   -79.68
10.0565321307056, -73.5487659530658, -62.3003234268478, -62.3565266668691,   15.02,   -73.55,   5.06,   -76.01,   5.27,   -77.47,   5.48,   -77.56,   15.18,   -77.89
* 1111 --- 7/21/2015 12:16:02 PM --- 4
9.94623695155074, -70.5399875452825, -61.6363464483355, -61.6787147861433,   5.06,   -70.54,   15.02,   -71.92,   14.92,   -72.99,   4.95,   -76.06,   14.97,   -76.08
10.1560978973437, -71.8002826964025, -62.8997093420089, -62.9270675156716,   15.02,   -71.80,   5.06,   -74.04,   14.92,   -77.05,   14.97,   -78.75,   14.86,   -80.50
10.0531647270697, -71.7130345924902, -62.2800516569594, -62.3032242162035,   15.02,   -71.71,   4.43,   -78.67,   5.48,   -78.81,   5.58,   -78.92,   5.00,   -79.00
10.2686181818323, -73.2058800390803, -63.5770814546306, -63.6135861822029,   15.02,   -73.21,   5.06,   -77.01,   5.00,   -78.76,   5.01,   -79.57,   14.97,   -79.88
* 1111 --- 7/21/2015 12:20:14 PM --- 5
10.0985383597635, -73.2058718153554, -62.5532009257763, -62.6016739200707,   5.06,   -73.21,   15.02,   -74.04,   14.92,   -75.00,   14.97,   -76.81,   4.95,   -77.95
10.1481021856981, -71.7225987582275, -62.8515751579028, -62.8745904038999,   15.02,   -71.72,   5.06,   -74.34,   14.92,   -77.22,   14.97,   -78.71,   15.28,   -81.10
10.0632227093565, -73.3703236049948, -62.3406007103262, -62.3642656412434,   15.02,   -73.37,   5.06,   -75.55,   5.48,   -78.30,   4.43,   -78.88,   5.58,   -79.25
10.0290210436873, -70.3107333620687, -62.1347066829974, -62.1619965692727,   15.02,   -70.31,   5.06,   -76.92,   5.48,   -77.28,   14.97,   -78.97,   14.86,   -79.44
* 1111 --- 7/21/2015 12:25:38 PM --- 6
10.0864163366756, -72.7696139842002, -62.4802263467871, -62.5401450002571,   5.06,   -72.77,   15.02,   -73.57,   14.92,   -75.15,   14.97,   -77.55,   14.86,   -78.03
10.1437424591772, -71.646481933884, -62.825329604247, -62.8454932491883,   15.02,   -71.65,   5.06,   -74.00,   14.92,   -76.95,   14.97,   -78.67,   14.86,   -79.91
10.0740097512688, -73.1725751508596, -62.4055387026381, -62.427405593564,   15.02,   -73.17,   5.06,   -75.57,   5.48,   -78.09,   5.58,   -78.38,   5.27,   -79.12
10.0175909497194, -72.4146968635781, -62.0658975173108, -62.1478086187692,   15.02,   -72.41,   5.27,   -76.12,   14.97,   -76.56,   15.18,   -77.89,   5.48,   -77.97
* 1111 --- 7/21/2015 12:26:54 PM --- 7
10.0703917162551, -72.8466865381075, -62.3837581318557, -62.4424917103102,   5.06,   -72.85,   15.02,   -73.96,   14.92,   -74.83,   14.97,   -77.02,   4.95,   -78.17
10.1886369072542, -72.1356488775358, -63.0955941816701, -63.1376114885706,   15.02,   -72.14,   14.97,   -74.77,   15.07,   -78.82,   4.90,   -79.29,   15.12,   -79.80
10.0928115672909, -73.1991387852033, -62.518725635091, -62.5434182632312,   15.02,   -73.20,   5.06,   -76.14,   5.48,   -77.84,   5.58,   -79.07,   4.43,   -79.87
10.0849964792079, -73.5780570422182, -62.4716788048314, -62.4976552859671,   15.02,   -73.58,   5.06,   -74.88,   14.97,   -77.37,   5.48,   -77.63,   14.86,   -79.12
* 1111 --- 7/21/2015 12:52:04 PM --- 8
9.94284805448292, -70.4210790183539, -61.6159452879872, -61.6614113773207,   5.06,   -70.42,   15.02,   -71.78,   14.92,   -72.86,   14.86,   -75.85,   14.97,   -75.99
10.2599348771816, -73.2358169861976, -63.5248079606335, -63.5505979480727,   15.02,   -73.24,   5.06,   -76.90,   14.97,   -79.20,   14.92,   -81.40,   15.28,   -81.75
10.0825036210864, -71.7481437796204, -62.45667179894, -62.4773173396963,   15.02,   -71.75,   5.58,   -78.45,   5.48,   -78.60,   4.43,   -78.84,   5.06,   -79.36
10.2968628745589, -73.2205590288196, -63.7471145048446, -63.7825250303606,   15.02,   -73.22,   5.06,   -76.36,   14.97,   -79.86,   14.92,   -81.56,   4.95,   -83.28
* 1111 --- 7/21/2015 12:58:10 PM --- 10
9.94150630175159, -70.6198895878548, -61.6078679365446, -61.6518865763604,   5.06,   -70.62,   15.02,   -72.08,   14.92,   -72.79,   14.97,   -75.82,   4.95,   -76.01
10.1418150138194, -71.573886059782, -62.8137263831928, -62.8392122319337,   15.02,   -71.57,   5.06,   -74.03,   14.92,   -77.40,   14.97,   -78.79,   15.28,   -80.46
10.0676811604976, -71.6438993100627, -62.3674405861958, -62.3868108002395,   15.02,   -71.64,   5.58,   -78.19,   5.48,   -78.58,   4.43,   -78.61,   5.27,   -79.51
10.0341749457407, -72.8836358945774, -62.1657331733591, -62.2437134200555,   15.02,   -72.88,   14.97,   -76.57,   5.27,   -76.74,   15.18,   -77.56,   5.48,   -77.72
* 1111 --- 7/21/2015 1:03:16 PM --- 11
9.94683872108633, -70.4719957562387, -61.6399691009397, -61.6853995600234,   5.06,   -70.47,   15.02,   -71.95,   14.92,   -72.77,   14.97,   -75.96,   14.86,   -76.31
10.2754803674259, -73.1728284632114, -63.618391811904, -63.649197581864,   15.02,   -73.17,   5.06,   -77.04,   14.97,   -78.77,   14.92,   -80.92,   15.28,   -81.60
10.0719993229416, -71.612843360117, -62.3934359241083, -62.4120770864351,   15.02,   -71.61,   5.48,   -78.60,   5.58,   -78.83,   4.43,   -78.85,   5.27,   -79.60
10.0416409326801, -72.834557624741, -62.2106784147344, -62.2960198195245,   15.02,   -72.83,   5.27,   -76.41,   14.97,   -76.70,   15.18,   -77.42,   5.48,   -77.82
* 1111 --- 7/21/2015 1:34:24 PM --- 12
9.9459290454614, -70.6212715721387, -61.6344928536776, -61.6780595400404,   5.06,   -70.62,   15.02,   -71.95,   14.92,   -72.88,   4.95,   -75.71,   14.97,   -76.02
10.1462046550785, -71.8061448122875, -62.8401520235724, -62.8620351979895,   15.02,   -71.81,   5.06,   -73.56,   14.92,   -76.84,   14.97,   -78.95,   14.86,   -80.23
10.0770724727816, -73.5012846889766, -62.4239762861454, -62.4446915567075,   15.02,   -73.50,   5.06,   -75.53,   5.48,   -78.01,   5.58,   -78.46,   14.45,   -78.74
10.0228397690692, -72.813135805726, -62.0974954097968, -62.1861341675473,   15.02,   -72.81,   5.27,   -76.57,   14.97,   -76.73,   15.18,   -77.53,   5.48,   -78.43
* 1111 --- 7/21/2015 1:35:31 PM --- 13
9.95420788763181, -71.0378328992556, -61.6843314835435, -61.7271827677088,   5.06,   -71.04,   15.02,   -72.30,   14.92,   -73.04,   4.95,   -75.70,   14.97,   -75.83
10.2714031458742, -73.3730946608543, -63.5938469381625, -63.6182476761233,   15.02,   -73.37,   5.06,   -77.54,   14.97,   -78.96,   14.92,   -80.33,   15.28,   -80.66
10.0879366304925, -73.4815993305312, -62.4893785155651, -62.5110498787899,   15.02,   -73.48,   5.06,   -75.72,   5.48,   -77.88,   5.58,   -78.23,   4.43,   -79.19
10.0900822371889, -73.3906351391728, -62.5022950678772, -62.5318406461095,   15.02,   -73.39,   5.06,   -74.49,   5.48,   -77.81,   14.97,   -77.94,   14.86,   -78.40
* 1111 --- 7/21/2015 1:41:07 PM --- 14
10.2135457034396, -72.4257836012773, -63.2455451347063, -63.3029167008955,   15.02,   -72.43,   15.28,   -79.19,   15.07,   -79.51,   14.92,   -80.75,   14.81,   -81.38
10.1582299951916, -71.7352740980594, -62.9125445710537, -62.934494815547,   15.02,   -71.74,   5.06,   -74.85,   14.92,   -77.14,   14.97,   -78.52,   15.28,   -80.66
10.0708823835655, -71.5824073915575, -62.3867119490643, -62.4099631244303,   15.02,   -71.58,   5.48,   -78.15,   5.58,   -78.43,   14.45,   -78.76,   4.43,   -78.81
10.2551165032208, -72.931399074595, -63.4958013493892, -63.5297193937116,   15.02,   -72.93,   14.97,   -76.83,   15.12,   -77.06,   4.90,   -79.37,   14.81,   -83.02
