* 3 --- 7/23/2015 10:35:15 AM --- 0
1, 10.1311, -73.6758, -62.7491, -62.8059,   15.02,   -73.68,   5.06,   -75.46,   4.95,   -75.65,   15.12,   -75.9,   14.97,   -76.12
2, 10.1220, -72.6010, -62.6942, -62.7853,   15.02,   -72.6,   5.06,   -79.61,   15.18,   -79.93,   14.76,   -80.44,   15.28,   -80.46
3, 9.8698, -68.3131, -61.1763, -61.1922,   15.02,   -68.31,   5.27,   -74.82,   4.8,   -75.52,   14.97,   -76.01,   4.43,   -76.76
4, 10.0646, -72.2894, -62.3486, -62.3763,   15.02,   -72.29,   15.12,   -75.65,   14.92,   -76.99,   15.54,   -79.4,   10.01,   -79.4
* 4 --- 7/23/2015 10:30:19 AM --- 0
1, 10.2381, -70.0431, -63.3936, -63.4165,   15.02,   -70.04,   14.97,   -80.9,   4.95,   -81.67,   15.07,   -83.74,   10.53,   -83.97
2, 10.2238, -73.5318, -63.3074, -63.3471,   15.02,   -73.53,   5.06,   -79.07,   15.07,   -79.34,   4.95,   -79.93,   15.12,   -80.43
3, 9.8209, -71.9272, -60.8820, -60.9077,   15.02,   -71.93,   14.97,   -71.99,   15.12,   -72.1,   4.9,   -73.48,   5.06,   -74.27
4, 10.2723, -72.5713, -63.5992, -63.6409,   15.02,   -72.57,   14.97,   -79.39,   15.12,   -80.4,   10.01,   -81.13,   14.92,   -82.69
* 5 --- 7/23/2015 10:33:09 AM --- 0
1, 10.3152, -74.9730, -63.8576, -63.8959,   15.02,   -74.97,   15.12,   -75.69,   14.97,   -76.29,   19.77,   -81.75,   15.07,   -83.33
2, 10.2176, -75.6294, -63.2697, -63.3428,   5.06,   -75.63,   14.86,   -76.47,   15.02,   -76.67,   4.95,   -78.54,   14.97,   -78.78
3, 10.2214, -71.1185, -63.2927, -63.3304,   15.02,   -71.12,   5.06,   -78.37,   14.86,   -78.83,   19.87,   -79.8,   14.97,   -80.02
4, 10.1700, -74.5923, -62.9832, -63.0108,   5.06,   -74.59,   14.97,   -76.45,   15.02,   -76.62,   14.86,   -77.25,   4.9,   -78.03
* 11 --- 7/23/2015 9:57:47 AM --- 4
1, 10.1212, -72.3016, -62.6899, -62.7150,   15.02,   -72.3,   4.95,   -75.39,   14.97,   -77.28,   19.87,   -80.04,   14.86,   -80.72
2, 10.1658, -73.5994, -62.9579, -62.9883,   15.02,   -73.6,   4.95,   -75.03,   14.97,   -76.53,   15.07,   -79.63,   15.54,   -80.13
3, 10.0923, -72.6456, -62.5156, -62.5405,   15.02,   -72.65,   5.06,   -76.98,   5.27,   -77.53,   5.48,   -78.13,   5.58,   -78.32
4, 9.8651, -73.1645, -61.1479, -61.2581,   15.02,   -73.16,   14.86,   -74.82,   4.95,   -75.5,   14.97,   -75.62,   5.06,   -77.05
* 12 --- 7/23/2015 10:01:56 AM --- 1
1, 10.2804, -72.8258, -63.6480, -63.6801,   15.02,   -72.83,   14.97,   -80.54,   15.07,   -81.75,   13.87,   -82.26,   14.76,   -82.65
2, 10.3320, -73.2693, -63.9589, -63.9959,   15.02,   -73.27,   14.97,   -80.71,   15.07,   -82.28,   15.49,   -83.2,   4.95,   -83.47
3, 10.0312, -73.1282, -62.1480, -62.1845,   15.02,   -73.13,   4.95,   -74.17,   14.97,   -75.58,   15.54,   -76.77,   4.85,   -78.87
4, 10.0960, -76.9224, -62.5381, -62.5604,   15.02,   -76.92,   15.54,   -78.44,   4.85,   -78.75,   4.95,   -79.32,   15.23,   -79.34
* 15 --- 7/23/2015 10:07:09 AM --- 1
1, 9.8892, -72.8684, -61.2930, -61.3190,   15.02,   -72.87,   15.12,   -73.95,   14.97,   -75.3,   4.95,   -76.57,   5.06,   -76.59
2, 10.1691, -70.5656, -62.9778, -63.0167,   15.02,   -70.57,   4.95,   -79.38,   14.97,   -80.28,   14.03,   -83.03,   14.19,   -83.36
3, 10.1821, -70.1614, -63.0564, -63.0948,   15.02,   -70.16,   5.01,   -79.11,   4.95,   -79.24,   5.0,   -80.04,   14.97,   -81.33
4, 10.0777, -73.3924, -62.4277, -62.4769,   15.02,   -73.39,   4.95,   -76.26,   5.01,   -79.01,   15.38,   -79.12,   15.07,   -79.27
* 16 --- 7/23/2015 10:15:09 AM --- 0
1, 10.0023, -69.8681, -61.9739, -62.0212,   5.06,   -69.87,   14.86,   -72.6,   15.02,   -73.39,   14.97,   -76.72,   14.92,   -77.4
2, 10.3489, -74.0106, -64.0602, -64.0877,   15.02,   -74.01,   5.06,   -76.3,   14.97,   -79.15,   4.95,   -80.7,   14.86,   -82.66
3, 10.2157, -72.2367, -63.2584, -63.2903,   15.02,   -72.24,   5.06,   -73.71,   14.86,   -79.97,   14.97,   -80.49,   14.92,   -80.77
4, 10.1073, -72.3717, -62.6057, -62.6430,   5.06,   -72.37,   15.02,   -73.93,   14.86,   -74.91,   14.97,   -76.84,   4.95,   -78.37
* 22 --- 7/23/2015 10:17:53 AM --- 0
1, 10.4191, -74.2664, -64.4831, -64.5126,   15.02,   -74.27,   5.06,   -78.15,   14.97,   -79.87,   14.86,   -83.77,   4.95,   -84.22
2, 10.2108, -71.6954, -63.2291, -63.2620,   15.02,   -71.7,   5.06,   -78.7,   14.71,   -79.36,   15.07,   -79.39,   14.97,   -79.58
3, 10.2358, -73.8370, -63.3795, -63.4337,   15.02,   -73.84,   14.97,   -80.17,   15.12,   -80.99,   5.06,   -82.33,   5.16,   -83.08
4, 10.2664, -74.0540, -63.5640, -63.6263,   15.02,   -74.05,   14.97,   -78.44,   15.12,   -81.04,   5.06,   -82.36,   15.18,   -83.52
* 23 --- 7/23/2015 10:20:08 AM --- 0
1, 10.2589, -73.7834, -63.5188, -63.5536,   15.02,   -73.78,   5.06,   -75.21,   14.92,   -79.17,   14.97,   -79.81,   4.95,   -81.59
2, 9.9342, -70.0198, -61.5641, -61.6578,   15.02,   -70.02,   5.06,   -77.79,   14.97,   -77.99,   14.76,   -79.0,   14.86,   -79.13
3, 10.0023, -71.5831, -61.9739, -62.0057,   15.02,   -71.58,   14.97,   -73.68,   5.06,   -74.46,   4.95,   -76.33,   4.9,   -77.68
4, 10.1696, -71.2674, -62.9811, -63.0442,   15.02,   -71.27,   14.92,   -78.83,   14.97,   -80.54,   14.45,   -80.68,   4.64,   -81.14
* 24 --- 7/23/2015 10:22:39 AM --- 1
1, 10.2343, -72.9285, -63.3708, -63.4136,   15.02,   -72.93,   14.97,   -79.31,   14.86,   -80.51,   4.75,   -82.21,   4.95,   -82.37
2, 10.3053, -74.3995, -63.7980, -63.8344,   15.02,   -74.4,   4.95,   -78.22,   14.97,   -80.0,   5.06,   -80.25,   5.0,   -82.25
3, 10.3154, -73.3486, -63.8590, -63.8938,   15.02,   -73.35,   15.12,   -77.61,   14.97,   -80.82,   14.92,   -82.59,   15.07,   -82.64
4, 10.2103, -70.2583, -63.2260, -63.2576,   15.02,   -70.26,   4.75,   -80.3,   14.97,   -80.51,   4.95,   -81.89,   14.86,   -82.68
* 27 --- 7/23/2015 10:26:03 AM --- 0
1, 10.3269, -74.1573, -63.9278, -63.9862,   15.02,   -74.16,   14.97,   -79.57,   5.16,   -80.93,   15.12,   -80.99,   15.28,   -81.71
2, 10.0277, -74.3088, -62.1266, -62.1621,   5.06,   -74.31,   14.86,   -75.81,   15.02,   -75.9,   14.97,   -76.79,   5.27,   -76.99
3, 10.2996, -70.9225, -63.7633, -63.8053,   15.02,   -70.92,   5.06,   -78.12,   19.87,   -80.12,   14.97,   -80.68,   14.92,   -82.43
4, 10.3753, -73.9315, -64.2195, -64.2508,   15.02,   -73.93,   15.12,   -77.9,   14.97,   -78.14,   16.17,   -83.2,   14.92,   -83.41
