* 15 --- 7/23/2015 10:04:36 AM --- 
9.88096659037178, -72.3089388402214, -61.2434188740381, -61.2982404970133,   15.02,   -72.31,   14.97,   -74.42,   14.86,   -75.42,   4.95,   -75.85,   4.75,   -76.22
10.149407480633, -70.4086011845811, -62.8594330334104, -62.8886876606342,   15.02,   -70.41,   14.97,   -79.27,   4.95,   -80.01,   4.75,   -81.77,   5.01,   -81.92
10.1843058925863, -73.1426316054783, -63.0695214733696, -63.0993799438618,   15.02,   -73.14,   5.06,   -76.47,   15.12,   -77.26,   5.21,   -78.11,   13.93,   -81.63
10.0944208936017, -72.9985340022988, -62.5284137794824, -62.5675479666989,   15.02,   -73.00,   4.95,   -75.79,   15.07,   -78.37,   15.38,   -78.78,   14.97,   -79.61
* 15 --- 7/23/2015 10:07:09 AM --- 1
9.88920134921539, -72.8684130021372, -61.2929921222767, -61.3190164570699,   15.02,   -72.87,   15.12,   -73.95,   14.97,   -75.30,   4.95,   -76.57,   5.06,   -76.59
10.1690769958186, -70.565582920275, -62.977843514828, -63.0166916209668,   15.02,   -70.57,   4.95,   -79.38,   14.97,   -80.28,   14.03,   -83.03,   14.19,   -83.36
10.1821240006326, -70.1614011457807, -63.0563864838084, -63.0947595548684,   15.02,   -70.16,   5.01,   -79.11,   4.95,   -79.24,   5.00,   -80.04,   14.97,   -81.33
10.077690433828, -73.3924191821307, -62.4276964116445, -62.4768811490239,   15.02,   -73.39,   4.95,   -76.26,   5.01,   -79.01,   15.38,   -79.12,   15.07,   -79.27
