2869
3599
3350
2269
990
265
520
1603
2880
3601
3342
2254
980
262
527
1617
2891
3605
3334
2241
969
260
535
1631
2903
3607
3326
2228
956
257
544
1644
2914
3609
3319
2214
946
255
551
1657
2925
3611
3309
2200
934
253
558
1672
2936
3614
3301
2186
923
251
568
1685
2947
3615
3293
2172
912
249
576
1698
2960
3616
3285
2159
900
247
585
1711
2971
3618
3277
2146
889
246
593
1725
2982
3620
3269
2131
878
245
602
1739
2992
3622
3260
2119
868
243
611
1753
3006
3623
3251
2105
856
241
619
1767
3015
3625
3243
2090
847
239
627
1782
3024
3626
3234
2075
835
238
635
1796
3035
3626
3223
2062
825
237
645
1809
3047
3627
3214
2048
814
236
654
1823
3056
3630
3205
2035
804
236
663
1837
3066
3630
3197
2022
794
235
674
1851
3076
3631
3185
2008
783
234
683
1865
3086
3631
3177
1994
772
234
693
1879
3097
3632
3167
1979
762
234
702
1893
3107
3632
3157
1965
752
234
711
1907
3117
3632
3148
1952
742
234
721
1920
3125
3632
3139
1938
733
232
730
1934
3136
3632
3128
1925
723
233
739
1948
3146
3632
3119
1911
714
233
749
1962
3156
3632
3109
1897
704
233
760
1975
3164
3632
3100
1884
695
234
770
1990
3173
3631
3089
1869
685
234
780
2003
3185
3631
3080
1855
676
235
790
2017
3193
3630
3071
1841
667
235
801
2031
3203
3629
3059
1827
657
236
812
2046
3212
3628
3048
1813
647
237
821
2059
3221
3627
3038
1800
640
238
832
2072
3231
3626
3028
1785
630
240
844
2086
3241
3624
3017
1771
621
241
855
2099
3248
3623
3007
1757
614
242
865
2114
3258
3623
2995
1743
603
244
875
2128
3267
3620
2984
1729
595
246
886
2141
3275
3618
2974
1716
586
248
897
2155
3283
3617
2963
1702
578
249
908
2169
3291
3615
2951
1689
570
251
920
2183
3301
3614
2939
1677
561
253
932
2196
3308
3612
2928
1663
553
254
944
2209
3317
3610
2916
1649
545
257
955
2223
3324
3607
2904
1635
536
260
965
2237
3333
3604
2894
1621
529
261
977
2250
3340
3601
2883
1607
521
265
988
2265
3348
3599
2871
1594
513
267
999
2280
3355
3596
2860
1580
506
270
1011
2292
3363
3593
2849
1567
498
273
1024
2306
3370
3590
2837
1553
492
277
1035
2320
3377
3588
2825
1538
484
279
1046
2333
3385
3584
2813
1524
477
283
1059
2346
3391
3581
2802
1510
469
286
1071
2360
3399
3577
2789
1496
462
289
1083
2374
3405
3574
2777
1484
455
293
1094
2387
3412
3570
2764
1471
449
298
1106
2402
3419
3566
2753
1458
441
302
1118
2415
3428
3562
2740
1444
433
305
1129
2428
3434
3558
2729
1431
427
309
1142
2441
3440
3554
2717
1418
421
313
1154
2453
3446
3550
2703
1405
415
318
1169
2468
3454
3544
2691
1391
409
323
1181
2480
3459
3539
2679
1377
402
327
1193
2494
3465
3536
2665
1365
397
331
1206
2507
3471
3530
2653
1352
391
337
1218
2521
3477
3526
2642
1339
386
342
1229
2534
3485
3521
2629
1326
379
346
1242
2547
3489
3516
2617
1313
374
351
1254
2560
3495
3511
2604
1299
369
358
1268
2572
3499
3506
2592
1287
364
363
1279
2584
3505
3501
2577
1272
359
368
1294
2600
3510
3495
2565
1260
352
373
1307
2612
3516
3490
2552
1247
346
378
1320
2624
3521
3485
2538
1235
342
384
1334
2636
3525
3478
2525
1223
337
390
1346
2649
3531
3472
2512
1210
332
397
1359
2661
3535
3466
2498
1198
328
402
1372
2673
3539
3460
2486
1186
323
408
1386
2686
3544
3453
2472
1174
319
415
1399
2698
3549
3448
2458
1160
313
421
1412
2710
3554
3442
2445
1147
310
426
1425
2722
3558
3436
2433
1134
305
433
1439
2734
3563
3429
2419
1123
301
441
1453
2749
3565
3421
2405
1110
298
448
1466
2761
3569
3415
2392
1098
294
454
1480
2773
3573
3408
2380
1087
289
461
1492
2784
3577
3401
2366
1075
285
467
1506
2796
3581
3394
2352
1063
284
475
1519
2808
3583
3387
2340
1051
280
481
1533
2821
3587
3380
2324
1040
277
489
1547
2832
3590
3372
2311
1026
273
497
1560
2844
3594
3366
2297
1015
270
503
1575
2857
3596
3358
2285
1003
267
511
1588
2868
3599
3351
2270
992
265
518
1602
2879
3601
3343
2256
981
262
526
1615
2890
3604
3335
2243
970
259
534
1628
2902
3606
3328
2230
958
257
542
1642
2913
3609
3320
2216
946
254
550
1656
2924
3611
3311
2202
936
253
558
1669
2935
3614
3303
2188
924
252
566
1684
2947
3615
3294
2174
912
249
574
1697
2958
3617
3286
2161
901
247
583
1709
2970
3618
3277
2147
890
246
591
1723
2980
3620
3270
2134
880
244
601
1737
2991
3622
3261
2120
869
243
610
1749
3003
3622
3252
2107
858
241
617
1765
3014
3626
3244
2091
847
239
626
1780
3024
3626
3235
2078
836
239
635
1795
3034
3627
3225
2064
826
237
643
1808
3044
3628
3216
2050
816
236
653
1822
3054
3629
3206
2038
804
236
662
1835
3065
3631
3197
2023
794
235
671
1849
3076
3631
3188
2010
784
233
681
1863
3085
3631
3177
1994
773
234
691
1877
3096
3632
3167
1981
763
233
700
1891
3106
3632
3158
1967
753
233
710
1905
3116
3632
3150
1953
744
233
719
1919
3125
3633
3140
1940
735
232
729
1933
3135
3633
3129
1926
724
233
738
1946
3144
3632
3120
1912
715
233
749
1960
3154
3632
3110
1899
705
234
759
1974
3163
3632
3100
1885
695
233
768
1987
3173
3631
3091
1869
687
235
779
2002
3184
3630
3082
1856
677
235
788
2016
3193
3630
3071
1842
667
236
800
2030
3201
3629
3060
1828
657
236
810
2044
3211
3629
3050
1815
649
237
820
2056
3221
3627
3040
1802
640
238
830
2070
3231
3626
3029
1787
632
240
843
2084
3240
3624
3018
1773
622
241
853
2097
3248
3623
3007
1759
615
242
863
2113
3257
3622
2996
1744
604
244
874
2127
3265
3620
2986
1731
596
244
885
2140
3274
3618
2974
1717
587
246
896
2154
3282
3617
2963
1704
579
249
906
2167
3290
3615
2952
1690
571
251
919
2181
3300
3614
2940
1678
562
253
931
2194
3308
3613
2929
1664
554
253
942
2208
3316
3610
2918
1651
546
256
953
2221
3323
3607
2906
1637
538
259
964
2235
3332
3604
2895
1623
529
262
976
2248
3339
3602
2885
1608
522
264
987
2264
3348
3600
2873
1595
514
267
998
2278
3354
3597
2862
1582
507
270
1009
2291
3362
3593
2850
1570
499
273
1021
2304
3369
3590
2838
1555
492
274
1034
2318
3376
3588
2827
1540
484
279
1045
2332
3384
3584
2814
1524
477
283
1057
2344
3390
3582
2802
1512
469
285
1069
2360
3398
3578
2790
1499
463
289
1081
2372
3404
3574
2779
1486
456
293
1093
2385
3411
3570
2766
1472
449
297
1105
2401
3418
3566
2755
1459
441
301
1117
2413
3427
3563
2741
1446
437
305
1128
2427
3433
3559
2730
1433
429
309
1141
2439
3440
3555
2719
1420
421
313
1154
2452
3446
3550
2705
1406
416
317
1166
2466
3453
3546
2693
1392
409
321
1178
2480
3459
3540
2680
1379
403
327
1192
2492
3464
3536
2668
1367
397
331
1203
2505
3470
3531
2654
1354
392
336
1216
2520
3476
3526
2643
1340
387
341
1228
2532
3482
3521
2631
1328
380
346
1240
2545
3489
3516
2618
1314
374
351
1253
2558
3494
3512
2605
1301
370
357
1267
2571
3499
3506
2592
1288
364
362
1279
2584
3505
3502
2580
1275
358
368
1292
2598
3510
3496
2566
1262
352
372
1305
2610
3515
3490
2554
1249
347
378
1319
2623
3520
3486
2540
1236
343
383
1333
2635
3526
3479
2527
1224
337
389
1345
2648
3530
3473
2513
1212
332
395
1358
2660
3535
3466
2500
1200
328
402
1371
2672
3539
3462
2488
1187
323
407
1384
2684
3543
3454
2473
1173
319
413
1398
2697
3548
3449
2460
1162
313
419
1411
2708
3554
3444
2447
1148
310
425
1423
2720
3558
3437
2434
1136
305
433
1437
2733
3562
3430
2420
1124
302
440
1451
2744
3565
3422
2407
1111
298
446
1464
2760
3569
3416
2394
1099
295
453
1477
2770
3573
3409
2381
1088
290
460
1491
2783
3576
3402
2368
1077
287
467
1504
2794
3580
3395
2352
1064
284
473
1519
2807
3583
3388
2340
1053
281
481
1532
2818
3586
3380
2326
1041
277
488
1545
2831
3590
3373
2313
1029
273
496
1559
2844
3593
3366
2300
1017
270
502
1573
2855
3596
3358
2287
1004
268
510
1587
2867
3598
3352
2272
993
265
517
1600
2878
3601
3344
2259
981
263
526
1614
2888
3604
3337
2244
971
260
532
1627
2900
3606
3328
2232
960
257
541
1640
2912
3609
3320
2217
948
255
549
1654
2923
3611
3313
2204
937
253
558
1667
2935
3613
3304
2189
926
251
566
1681
2946
3615
3295
2175
915
249
574
1694
2957
3617
3287
2163
902
247
582
1707
2968
3619
3278
2149
891
246
591
1721
2979
3620
3271
2135
880
244
600
1735
2990
3621
3261
2122
870
243
608
1749
3002
3623
3253
2107
858
242
616
1765
3012
3625
3245
2093
849
240
625
1779
3023
3626
3236
2079
839
239
633
1793
3034
3627
3225
2066
826
237
643
1807
3043
3628
3217
2051
816
236
652
1820
3054
3629
3208
2038
806
236
661
1833
3064
3631
3198
2026
796
235
671
1847
3075
3631
3189
2012
785
234
681
1862
3084
3632
3178
1994
774
233
689
1876
3095
3632
3169
1982
764
234
699
1889
3106
3632
3160
1968
754
232
709
1904
3115
3632
3149
1954
744
232
719
1917
3124
3632
3141
1941
735
232
729
1931
3134
3632
3131
1928
724
232
737
1944
3144
3632
3121
1913
715
232
747
1958
3153
3632
3112
1900
706
233
757
1971
3163
3632
3102
1885
697
234
767
1986
3173
3631
3092
1873
687
234
777
2000
3183
3631
3083
1857
678
235
788
2014
3192
3631
3073
1845
669
235
796
2029
3201
3630
3061
1830
659
236
809
2042
3209
3630
3051
1816
650
236
820
2055
3220
3628
3040
1804
641
237
829
2069
3230
3626
3031
1788
632
239
841
2082
3239
3625
3020
1775
623
241
852
2096
3246
3624
3009
1761
616
242
862
2111
3256
3623
2997
1747
606
244
873
2124
3264
3621
2987
1733
597
245
883
2139
3273
3619
2977
1719
588
246
894
2152
3281
3617
2965
1705
580
249
904
2165
3289
3615
2954
1691
572
251
916
2178
3298
3614
2942
1679
564
252
929
2193
3305
3613
2930
1666
554
253
940
2206
3315
3610
2919
1653
546
256
952
2220
3323
3608
2907
1639
538
259
964
2232
3331
3605
2897
1624
530
261
975
2248
3339
3602
2886
1611
522
263
985
2262
3346
3600
2875
1596
515
267
997
2275
3354
3597
2864
1583
507
269
1008
2290
3361
3594
2852
1570
500
273
1019
2302
3369
3591
2839
1556
493
275
1032
2316
3375
3588
2828
1542
485
278
1044
2330
3383
3585
2816
1528
478
282
1056
2343
3390
3582
2804
1514
470
285
1068
2358
3398
3578
2792
1500
464
288
1079
2370
3404
3575
2779
1487
457
293
1092
2384
3410
3570
2768
1474
449
296
1102
2399
3418
3566
2757
1461
443
301
1114
2411
3426
3563
2742
1448
436
304
1126
2424
3430
3559
2732
1434
429
307
1138
2438
3438
3556
2720
1421
423
313
1153
2452
3445
3550
2707
1407
417
317
1166
2464
3451
3546
2693
1395
410
321
1178
2478
3458
3541
2681
1381
404
326
1190
2492
3463
3537
2669
1368
398
330
1202
2503
3470
3532
2657
1355
392
335
1215
2517
3475
3527
2645
1341
388
341
1226
2531
3482
3522
2632
1330
381
345
1239
2544
3489
3518
2620
1315
376
351
1251
2556
3493
3513
2608
1303
371
356
1264
2569
3498
3507
2594
1290
365
361
1278
2583
3505
3503
2582
1277
360
367
1291
2596
3510
3497
2568
1263
353
372
1303
2608
3514
3490
2555
1250
348
377
1317
2621
3520
3486
2542
1238
343
382
1331
2633
3524
3479
2528
1225
339
389
1343
2647
3528
3474
2516
1213
333
394
1356
2658
3534
3468
2502
1201
329
400
1369
2670
3538
3462
2488
1189
324
406
1382
2683
3542
3456
2476
1177
319
413
1395
2696
3548
3450
2462
1162
313
419
1409
2708
3553
3444
2448
1150
311
425
1422
2718
3557
3438
2435
1138
306
432
1435
2731
3561
3430
2422
1126
302
439
1449
2744
3565
3423
2409
1113
299
445
1463
2759
3568
3417
2396
1101
295
451
1475
2769
3573
3410
2383
1090
290
459
1489
2781
3576
3402
2370
1078
287
466
1503
2793
3580
3396
2356
1066
284
473
1517
2806
3583
3389
2342
1053
281
480
1530
2818
3586
3382
2328
1041
277
488
1544
2830
3589
3374
2315
1029
273
495
1557
2842
3593
3368
2300
1018
271
501
1571
2854
3596
3361
2288
1006
268
509
1585
2865
3597
3353
2274
994
265
517
1598
2876
3601
3345
2260
983
262
524
1612
2887
3604
3338
2247
972
260
532
1624
2899
3606
3329
2232
961
258
540
1639
2911
3608
3321
2220
949
255
548
1652
2921
3611
3313
2204
938
253
558
1666
2933
3614
3305
2191
927
252
565
1680
2945
3615
3296
2177
916
250
573
1693
2955
3616
3288
2165
904
248
582
1706
2967
3618
3280
2151
893
246
590
1720
2978
3620
3272
2137
882
244
598
1734
2988
3622
3262
2123
872
243
607
1748
3001
3623
3254
2109
861
242
614
1763
3011
3624
3245
2095
850
240
624
1777
3021
3626
3238
2080
839
238
633
1792
3032
3627
3227
2067
828
237
641
1805
3041
3628
3218
2053
818
236
651
1818
3053
3629
3209
2040
807
235
659
1831
3063
3631
3200
2027
796
235
671
1846
3074
3631
3190
2012
785
234
679
1860
3083
3631
3180
1998
776
233
689
1875
3094
3632
3171
1984
765
233
698
1888
3104
3632
3161
1970
755
233
707
1902
3113
3632
3152
1956
745
232
717
1916
3123
3633
3142
1943
736
233
727
1930
3133
3632
3132
1930
726
232
736
1943
3143
3633
3124
1915
717
232
746
1957
3153
3632
3113
1902
707
233
756
1970
3161
3632
3102
1888
698
234
766
1984
3171
3631
3093
1875
689
235
776
1999
3181
3630
3083
1859
679
234
786
2013
3191
3631
3073
1846
670
235
796
2027
3200
3630
3063
1831
659
236
808
2041
3209
3630
3053
1818
651
236
818
2054
3219
3628
3042
1805
642
237
828
2067
3229
3627
3032
1789
633
240
840
2080
3238
3625
3022
1777
625
240
851
2095
3246
3624
3010
1763
617
242
861
2110
3255
3623
2999
1749
606
243
871
2123
3264
3622
2988
1734
597
244
882
2137
3272
3619
2977
1720
590
246
893
2151
3280
3618
2966
1706
581
248
904
2163
3289
3615
2955
1693
573
251
916
2176
3297
3614
2943
1681
564
253
928
2191
3305
3612
2931
1667
556
253
940
2204
3313
3610
2920
1654
547
256
950
2218
3321
3608
2909
1641
539
258
962
2232
3329
3606
2898
1625
531
261
973
2246
3338
3603
2887
1612
524
264
984
2260
3345
3600
2876
1599
516
267
995
2274
3353
3597
2864
1585
509
269
1007
2288
3360
3594
2853
1571
502
273
1019
2301
3369
3591
2841
1558
494
275
1029
2314
3374
3588
2830
1544
487
279
1043
2328
3382
3585
2816
1529
480
282
1055
2341
3388
3582
2805
1515
472
285
1067
2356
3396
3578
2793
1502
465
289
1077
2368
3403
3574
2781
1488
457
293
1091
2382
3410
3570
2769
1475
451
297
1102
2397
3417
3566
2757
1462
445
301
1114
2409
3424
3563
2744
1448
437
305
1125
2423
3430
3559
2732
1435
432
309
1139
2436
3438
3555
2721
1423
424
313
1150
2449
3444
3550
2709
1411
418
317
1164
2464
3450
3546
2695
1397
412
322
1177
2476
3456
3540
2682
1383
405
326
1188
2490
3462
3536
2670
1370
399
330
1201
2502
3468
3532
2657
1357
394
335
1214
2514
3474
3527
2646
1343
388
341
1225
2529
3481
3522
2633
1331
382
345
1238
2542
3487
3517
2620
1317
376
350
1250
2555
3492
3512
2608
1303
372
355
1263
2568
3498
3507
2596
1291
367
361
1277
2581
3502
3502
2583
1279
361
367
1289
2595
3509
3497
2569
1265
355
372
1302
2608
3513
3491
2556
1252
349
377
1315
2620
3518
3486
2542
1240
344
383
1330
2632
3523
3480
2530
1227
339
388
1342
2645
3528
3474
2518
1215
333
393
1355
2657
3534
3468
2504
1202
329
400
1368
2670
3538
3462
2490
1190
325
406
1381
2681
3542
3456
2478
1178
320
412
1394
2694
3548
3450
2463
1164
316
419
1407
2709
3550
3444
2449
1153
311
423
1421
2718
3557
3438
2437
1139
306
431
1434
2730
3561
3430
2423
1128
303
439
1447
2742
3564
3423
2410
1115
299
445
1462
2757
3567
3417
2397
1103
295
451
1475
2768
3573
3410
2384
1092
291
458
1487
2780
3576
3403
2371
1079
287
465
1500
2791
3579
3397
2358
1069
284
472
1515
2803
3582
3389
2344
1055
281
480
1528
2816
3586
3383
2330
1044
278
486
1542
2828
3589
3375
2317
1031
275
494
1554
2840
3591
3369
2303
1020
272
500
1571
2852
3594
3361
2290
1008
269
508
1584
2863
3598
3353
2275
997
266
515
1597
2874
3600
3345
2262
985
264
524
1610
2886
3602
3338
2248
975
261
531
1624
2897
3606
3330
2232
963
258
540
1638
2909
3607
3321
2220
951
256
547
1650
2919
3610
3313
2207
940
254
557
1664
2931
3612
3305
2192
929
252
564
1678
2941
3613
3296
2179
916
251
573
1691
2955
3616
3289
2167
904
248
581
1705
2965
3617
3280
2152
894
247
589
1718
2976
3619
3273
2139
884
244
598
1732
2987
3621
3264
2125
873
244
607
1746
2998
3622
3255
2111
863
243
614
1761
3010
3623
3247
2097
852
240
623
1775
3020
3625
3238
2083
842
239
632
1788
3031
3626
3229
2069
830
238
641
1803
3041
3628
3219
2055
819
237
649
1816
3052
3628
3209
2042
808
236
659
1830
3060
3630
3201
2028
799
236
669
1844
3072
3631
3191
2015
787
234
678
1858
3081
3631
3182
2000
777
234
687
1873
3092
3631
3171
1986
767
233
697
1887
3102
3632
3162
1972
756
233
707
1901
3112
3632
3153
1958
746
233
716
1914
3122
3632
3143
1945
737
233
726
1927
3130
3633
3133
1932
728
232
735
1940
3141
3633
3124
1917
719
233
745
1954
3150
3633
3114
1903
708
232
754
1968
3160
3631
3104
1890
699
234
765
1982
3169
3631
3094
1876
690
234
774
1996
3179
3631
3085
1861
681
234
785
2010
3189
3630
3075
1849
671
235
796
2024
3198
3630
3064
1834
660
236
806
2038
3208
3629
3054
1820
652
236
816
2051
3217
3628
3043
1808
644
238
828
2064
3227
3627
3033
1792
635
239
837
2079
3237
3625
3023
1778
627
241
849
2092
3245
3624
3012
1765
618
243
859
2107
3253
3623
3002
1749
608
243
871
2121
3261
3621
2989
1737
598
245
881
2135
3270
3618
2979
1722
591
247
892
2149
3279
3617
2967
1708
582
249
904
2162
3287
3615
2955
1696
574
251
915
2176
3296
3614
2945
1683
566
253
927
2189
3305
3613
2933
1669
558
253
938
2202
3312
3610
2921
1655
548
255
949
2217
3321
3608
2911
1641
540
258
960
2231
3329
3606
2899
1627
532
261
972
2244
3337
3602
2888
1615
525
264
982
2259
3344
3600
2877
1600
517
266
994
2271
3352
3598
2866
1587
510
269
1005
2287
3359
3594
2854
1573
502
271
1017
2300
3367
3591
2843
1559
495
274
1029
2313
3373
3589
2830
1544
488
278
1041
2326
3381
3586
2818
1530
481
281
1053
2340
3388
3582
2806
1517
472
285
1065
2352
3396
3579
2794
1504
466
288
1077
2368
3402
3575
2782
1491
458
291
1089
2380
3409
3572
2771
1477
452
295
1100
2395
3416
3567
2760
1463
445
299
1112
2408
3424
3564
2745
1450
438
303
1124
2421
3430
3560
2734
1438
433
307
1136
2435
3437
3556
2723
1425
425
311
1149
2447
3443
3550
2709
1411
419
316
1162
2462
3449
3546
2697
1398
413
320
1174
2474
3456
3542
2684
1384
405
325
1187
2488
3462
3537
2673
1371
401
329
1199
2500
3468
3533
2659
1359
395
334
1211
2512
3474
3528
2648
1345
389
339
1222
2527
3480
3523
2635
1333
383
345
1235
2540
3487
3519
2623
1319
377
349
1248
2553
3492
3514
2610
1306
372
353
1261
2566
3498
3508
2597
1294
367
360
1275
2580
3502
3504
2584
1279
361
366
1287
2593
3508
3498
2572
1267
356
371
1300
2605
3513
3492
2558
1254
350
376
1313
2618
3518
3488
2545
1242
345
382
1328
2630
3523
3480
2532
1229
340
387
1340
2644
3528
3475
2520
1217
334
393
1353
2656
3533
3468
2506
1204
329
399
1365
2667
3538
3463
2492
1191
325
405
1379
2680
3541
3456
2479
1180
321
411
1391
2692
3546
3450
2465
1166
317
418
1406
2705
3550
3444
2451
1154
313
423
1419
2716
3556
3438
2439
1142
307
429
1432
2728
3560
3432
2425
1129
303
437
1447
2740
3564
3426
2412
1116
299
443
1459
2755
3566
3418
2399
1104
296
451
1472
2766
3572
3411
2386
1093
291
457
1486
2778
3574
3404
2372
1081
288
465
1499
2790
3578
3397
2359
1069
285
471
1511
2802
3582
3390
2345
1057
282
479
1527
2814
3584
3383
2332
1045
279
485
1540
2827
3588
3376
2319
1032
275
493
1553
2838
3592
3369
2304
1021
272
499
1569
2850
3595
3362
2291
1009
269
507
1581
2862
3598
3354
2278
997
267
515
1595
2873
3599
3346
2264
986
264
522
1608
2885
3602
3339
2250
976
261
530
1622
2895
3605
3331
2236
964
259
538
1636
2907
3608
3323
2222
952
256
546
1648
2918
3610
3315
2208
941
253
556
1662
2930
3612
3305
2195
930
252
562
1676
2941
3614
3298
2181
919
251
571
1689
2953
3615
3291
2168
906
249
579
1703
2963
3617
3281
2155
896
246
588
1717
2975
3619
3273
2141
885
245
596
1731
2986
3621
3265
2127
874
244
606
1744
2996
3622
3256
2113
864
242
613
1759
3008
3623
3247
2099
853
240
622
1773
3019
3625
3239
2084
843
239
630
1786
3029
3626
3230
2071
831
238
639
1801
3039
3628
3220
2057
820
237
649
1815
3050
3628
3211
2044
810
237
657
1827
3060
3630
3201
2030
800
236
668
1842
3070
3630
3193
2016
788
234
677
1857
3080
3631
3183
2002
778
234
687
1869
3091
3631
3173
1987
768
233
695
1885
3101
3632
3163
1974
758
233
705
1899
3111
3632
3154
1960
748
232
715
1912
3121
3632
3144
1946
738
233
724
1926
3130
3633
3134
1933
729
232
735
1938
3140
3632
3125
1919
719
233
743
1953
3149
3632
3116
1905
710
233
753
1966
3158
3631
3106
1892
701
233
763
1981
3169
3631
3095
1877
691
234
774
1994
3178
3631
3086
1863
682
235
784
2009
3189
3631
3075
1850
671
235
795
2022
3197
3630
3067
1835
663
236
805
2037
3207
3629
3055
1821
653
237
815
2050
3217
3628
3044
1809
645
237
826
2063
3225
3627
3034
1794
635
238
836
2078
3235
3625
3023
1780
627
240
848
2091
3244
3624
3013
1765
618
242
858
2107
3253
3623
3003
1752
608
243
869
2120
3262
3622
2991
1737
600
244
880
2133
3270
3619
2980
1724
591
246
890
2147
3278
3618
2969
1710
583
249
902
2161
3286
3615
2958
1696
574
251
914
2173
3294
3614
2947
1685
566
252
924
2188
3304
3613
2935
1671
558
253
937
2202
3312
3612
2923
1657
549
255
948
2215
3320
3608
2912
1643
541
258
959
2229
3327
3605
2901
1631
533
261
970
2243
3337
3603
2889
1616
526
263
981
2256
3343
3601
2878
1602
518
266
993
2270
3351
3598
2868
1589
511
269
1004
2284
3357
3595
2855
1575
503
272
1015
2298
3366
3592
2844
1560
496
274
1028
2311
3373
3589
2832
1547
488
278
1040
2324
3380
3586
2820
1533
481
281
1052
2339
3386
3583
2808
1518
473
284
1063
2352
3394
3579
2796
1505
467
287
1075
2366
3401
3576
2784
1492
460
291
1087
2378
3408
3572
2772
1479
453
295
1098
2394
3415
3568
2761
1464
447
299
1110
2406
3422
3564
2749
1452
439
303
1123
2419
3430
3561
2735
1439
433
306
1134
2432
3436
3557
2725
1427
425
311
1147
2445
3442
3552
2713
1413
419
313
1160
2460
3448
3547
2698
1399
413
320
1173
2472
3456
3542
2686
1386
406
325
1186
2486
3462
3538
2673
1372
401
329
1198
2499
3468
3534
2661
1360
394
333
1210
2512
3473
3529
2649
1347
389
339
1222
2526
3479
3524
2637
1335
383
344
1234
2539
3486
3519
2624
1320
377
348
1247
2552
3490
3515
2612
1307
372
353
1259
2565
3496
3510
2600
1295
367
360
1272
2577
3502
3504
2584
1282
362
365
1286
2592
3508
3498
2572
1268
356
371
1299
2604
3512
3493
2560
1255
349
375
1312
2617
3518
3489
2547
1243
345
380
1326
2629
3522
3482
2533
1231
340
386
1339
2641
3527
3475
2522
1218
334
392
1351
2653
3532
3470
2507
1206
330
397
1364
2666
3537
3464
2494
1193
325
404
1377
2679
3541
3458
2482
1182
321
410
1390
2690
3546
3452
2467
1168
317
417
1404
2705
3550
3446
2453
1154
312
422
1417
2714
3555
3440
2441
1142
307
429
1430
2726
3560
3433
2427
1130
304
436
1445
2739
3564
3426
2414
1118
300
443
1457
2753
3566
3419
2400
1106
296
449
1471
2765
3571
3412
2387
1094
293
456
1483
2777
3574
3405
2375
1082
289
464
1497
2789
3578
3398
2360
1071
285
469
1511
2800
3581
3391
2346
1059
282
477
1525
2813
3584
3385
2333
1047
279
485
1539
2826
3588
3377
2320
1034
275
492
1551
2838
3591
3370
2307
1023
272
498
1567
2848
3594
3363
2292
1012
269
506
1580
2860
3597
3355
2280
999
267
514
1593
2872
3599
3348
2265
987
264
522
1606
2883
3602
3340
2252
977
261
530
1618
2894
3606
3332
2238
965
259
538
1634
2906
3608
3324
2224
954
257
546
1647
2918
3610
3316
2210
943
254
554
1661
2928
3612
3308
2197
931
253
561
1674
2939
3614
3299
2182
920
252
570
1688
2951
3615
3292
2170
907
249
578
1701
2963
3618
3283
2156
897
247
586
1714
2973
3619
3275
2142
886
245
595
1729
2985
3620
3266
2129
875
243
604
1742
2995
3623
3257
2115
865
242
611
1757
3007
3624
3248
2100
855
240
621
1771
3017
3625
3241
2085
844
240
629
1784
3028
3627
3231
2073
832
238
638
1800
3038
3627
3221
2059
822
237
647
1813
3049
3628
3212
2046
812
237
657
1826
3059
3629
3203
2032
801
236
665
1840
3068
3631
3193
2018
790
234
676
1854
3078
3631
3185
2004
780
234
686
1869
3090
3631
3174
1990
768
233
695
1883
3100
3631
3165
1975
760
233
704
1897
3109
3632
3155
1962
750
234
713
1910
3119
3632
3146
1948
740
233
723
1924
3129
3633
3136
1934
731
232
733
1937
3138
3632
3125
1921
720
232
742
1951
3148
3632
3117
1907
711
233
752
1965
3157
3632
3107
1893
702
233
762
1978
3167
3631
3097
1880
692
234
772
1993
3176
3630
3087
1865
683
235
782
2006
3185
3630
3078
1852
671
235
793
2021
3197
3630
3067
1838
663
236
804
2035
3205
3629
3056
1823
654
236
814
2048
3215
3628
3046
1809
645
237
824
2062
3224
3627
3035
1797
637
239
835
2076
3234
3625
3024
1782
628
240
847
2089
3243
3624
3014
1768
620
242
857
2105
3251
3623
3004
1753
610
243
868
2119
3260
3621
2992
1740
601
244
878
2131
3269
3619
2980
1726
593
246
889
2145
3277
3618
2971
1712
584
248
900
2159
3285
3616
2960
1698
576
250
911
2172
3293
3614
2947
1687
567
252
924
2186
3303
3614
2935
1673
558
253
935
2200
3311
3612
2924
1660
550
254
946
2212
3320
3609
2913
1645
543
257
957
2228
3326
3606
2903
1631
534
260
969
2240
3335
3603
2891
1619
526
262
980
2254
3343
3601
2881
1603
520
265
991
2268
3350
3598
2869
1591
511
268
1002
2283
3357
3596
2857
1576
505
271
1014
2296
3365
3593
2846
1562
497
274
1027
2308
3372
3590
2834
1549
490
277
1038
2323
3379
3586
2822
1534
482
281
1049
2336
3386
3583
2810
1520
475
284
1061
2351
3393
3580
2797
1507
467
287
1074
2364
3401
3576
2785
1494
460
290
1086
2376
3407
3572
2774
1480
454
295
1097
2391
3414
3568
2762
1467
447
299
1109
2404
3422
3566
2751
1453
440
302
1121
2418
3430
3561
2737
1441
433
306
1133
2431
3435
3558
2725
1428
426
311
1146
2444
3442
3553
2714
1415
421
313
1159
2457
3448
3549
2700
1399
413
320
1172
2471
3454
3543
2688
1387
407
324
1184
2484
3461
3539
2675
1374
401
329
1196
2497
3466
3534
2663
1361
395
333
1208
2511
3473
3530
2651
1348
389
337
1220
2524
3479
3525
2639
1337
384
343
1233
2537
3486
3520
2625
1322
378
348
1245
2550
3490
3516
2614
1309
372
353
1259
2563
3496
3510
2600
1296
368
359
1271
2576
3501
3505
2588
1283
363
364
1284
2590
3507
3499
2574
1269
357
370
1297
2602
3511
3494
2561
1257
350
374
1311
2616
3517
3489
2548
1244
345
380
1325
2627
3522
3482
2536
1232
341
385
1338
2640
3526
3477
2523
1219
336
391
1350
2652
3532
3470
2509
1207
330
398
1363
2665
3536
3465
2496
1195
326
404
1375
2677
3540
3458
2482
1182
321
409
1389
2689
3546
3452
2468
1170
317
416
1403
2703
3550
3446
2455
1157
313
421
1415
2714
3556
3440
2442
1144
309
429
1429
2726
3559
3434
2429
1131
304
435
1443
2738
3564
3428
2416
1119
300
441
1457
2753
3566
3420
2402
1107
297
449
1470
2763
3571
3413
2390
1096
293
455
1483
2776
3574
3406
2376
1084
289
463
1495
2787
3578
3400
2362
1072
285
469
1511
2800
3581
3392
2348
1060
283
476
1523
2811
3584
3385
2335
1048
280
484
1537
2822
3588
3378
2322
1035
276
491
1549
2836
3591
3370
2308
1024
272
498
1565
2848
3594
3364
2294
1012
269
505
1578
2859
3597
3356
2282
1000
267
513
1592
2870
3599
3349
2267
989
265
520
1605
2883
3601
3341
2253
978
261
528
1619
2893
3605
3333
2240
967
259
536
1632
2905
3607
3325
2225
955
257
544
1645
2916
3610
3318
2212
944
254
552
1659
2927
3612
3309
2198
932
253
561
1673
2938
3614
3300
2184
922
252
570
1687
2950
3615
3293
2171
909
249
577
1700
2962
3617
3285
2157
898
247
586
1713
2971
3618
3276
2143
888
246
594
1727
2983
3620
3267
2131
876
244
603
1740
2994
3622
3258
2117
866
243
611
1755
3006
3623
3250
2103
855
240
619
1769
3016
3624
3242
2088
845
239
628
1782
3027
3626
3232
2074
833
238
638
1798
3037
3627
3222
2061
824
237
646
1811
3048
3628
3213
2047
812
236
655
1824
3059
3629
3204
2034
802
236
664
1839
3068
3631
3195
2020
791
235
675
1853
3077
3631
3185
2006
781
234
684
1867
3088
3631
3175
1992
770
233
693
1881
3099
3632
3166
1978
761
233
703
1895
3108
3632
3156
1964
751
232
712
1909
3118
3632
3147
1950
741
233
721
1922
3127
3633
3137
1935
732
232
732
1935
3137
3633
3127
1923
722
232
740
1949
3146
3632
3119
1909
713
233
751
1963
3157
3632
3108
1896
703
233
761
1976
3165
3632
3098
1881
694
233
771
1991
3174
3631
3088
1868
684
234
781
2005
3185
3631
3079
1853
675
235
792
2019
3196
3630
3067
1839
664
236
802
2034
3204
3629
3057
1825
655
236
812
2047
3214
3628
3047
1811
646
237
823
2060
3223
3627
3037
1798
638
238
833
2074
3233
3625
3026
1784
630
240
845
2087
3242
3624
3015
1769
620
242
856
2103
3250
3624
3006
1755
613
242
866
2115
3260
3622
2993
1741
602
244
878
2130
3267
3620
2982
1727
593
246
888
2144
3276
3618
2971
1714
586
248
899
2157
3284
3617
2961
1700
577
249
910
2171
3293
3615
2950
1688
568
252
922
2185
3301
3613
2937
1674
558
253
934
2198
3309
3612
2926
1662
550
253
945
2212
3318
3610
2915
1647
543
257
956
2225
3325
3606
2903
1631
535
260
967
2239
3335
3604
2892
1619
527
262
979
2252
3342
3602
2881
1604
519
265
990
2266
3349
3598
2870
1591
513
268
1001
2282
3356
3596
2859
1578
505
271
1012
2294
3364
3592
2846
1566
498
274
1025
2308
3371
3590
2836
1551
491
276
1037
2322
3378
3587
2822
1536
482
279
1048
2335
3386
3583
2811
1523
475
283
1061
2348
3393
3581
2798
1508
467
287
1073
2363
3400
3577
2787
1495
461
290
1085
2375
3406
3573
2775
1483
455
294
1095
2389
3413
3569
2764
1468
448
298
1107
2403
3421
3565
2752
1456
441
301
1119
2416
3429
3562
2739
1443
433
305
1132
2430
3434
3558
2726
1430
426
309
1143
2442
3442
3554
2715
1417
421
313
1157
2456
3447
3550
2701
1403
415
319
1170
2470
3454
3544
2689
1389
407
323
1182
2482
3460
3539
2677
1376
403
328
1194
2496
3466
3535
2664
1363
396
332
1207
2509
3472
3530
2652
1350
390
337
1219
2523
3477
3525
2640
1337
384
342
1231
2536
3485
3520
2627
1325
378
348
1244
2549
3490
3516
2615
1311
373
353
1256
2561
3495
3511
2602
1297
369
358
1269
2573
3501
3506
2590
1285
364
364
1282
2588
3507
3501
2576
1271
357
369
1295
2601
3511
3495
2564
1259
351
373
1309
2613
3516
3489
2550
1245
346
379
1322
2626
3521
3482
2536
1234
341
385
1336
2638
3526
3477
2524
1221
337
390
1348
2650
3531
3471
2511
1209
331
397
1362
2663
3536
3465
2497
1197
327
402
1374
2675
3539
3459
2484
1184
321
409
1387
2687
3544
3453
2469
1170
318
415
1399
2700
3550
3447
2457
1158
313
421
1414
2712
3554
3442
2443
1144
309
427
1427
2724
3558
3434
2430
1134
305
433
1441
2735
3562
3429
2417
1121
301
441
1454
2751
3566
3421
2404
1109
297
447
1467
2762
3570
3414
2391
1096
294
454
1481
2774
3574
3407
2378
1085
289
462
1494
2786
3577
3400
2364
1075
286
468
1508
2798
3581
3393
2352
1062
283
475
1521
2810
3584
3386
2337
1049
280
482
1535
2822
3588
3380
2323
1037
275
489
1548
2834
3590
3371
2310
1025
272
497
1561
2846
3593
3365
2296
1014
270
504
1576
2857
3596
3357
2283
1002
268
512
1589
2870
3599
3350
2268
991
265
520
1603
2880
3600
3341
2255
980
261
527
1617
2891
3604
3334
2240
968
259
534
1631
2903
3607
3326
2227
956
257
543
1644
2915
3609
3319
2214
945
255
552
1657
2926
3611
3310
2200
934
253
558
1671
2937
3613
3301
2186
924
252
568
1685
2947
3615
3293
2172
912
248
575
1698
2960
3617
3285
2159
900
247
584
1712
2971
3619
3277
2145
888
245
593
1726
2981
3620
3268
2131
878
244
602
1739
2993
3622
3260
2119
867
243
610
1753
3006
3623
3251
2105
856
241
618
1768
3015
3625
3243
2089
847
240
627
1781
3025
3627
3234
2076
834
239
636
1796
3036
3627
3224
2062
824
236
645
1809
3047
3628
3214
2048
814
236
655
1824
3057
3630
3205
2035
803
236
663
1837
3067
3631
3196
2022
794
235
671
1851
3077
3631
3185
2008
782
234
683
1865
3086
3631
3176
1994
772
234
693
1879
3097
3631
3166
1979
762
233
702
1893
3108
3632
3157
1965
751
233
711
1907
3116
3632
3148
1952
743
233
721
1921
3126
3633
3138
1938
734
232
731
1933
3136
3633
3128
1925
723
232
739
1949
3146
3632
3120
1910
714
233
750
1962
3156
3632
3109
1897
704
232
759
1974
3164
3631
3099
1883
695
233
770
1990
3173
3631
3089
1869
685
234
779
2003
3185
3630
3081
1855
675
235
789
2017
3195
3631
3070
1841
667
236
801
2031
3203
3629
3059
1827
657
236
811
2046
3212
3628
3048
1813
647
237
821
2058
3221
3627
3038
1800
639
238
832
2072
3232
3626
3027
1785
630
240
844
2085
3242
3624
3017
1772
621
241
855
2099
3248
3623
3007
1757
614
242
865
2115
3258
3622
2995
1743
603
244
876
2128
3266
3620
2984
1729
594
246
886
2142
3275
3618
2974
1715
586
247
897
2155
3283
3617
2963
1702
578
250
908
2169
3291
3615
2951
1689
570
252
920
2183
3300
3613
2939
1676
561
253
932
2196
3309
3612
2927
1663
552
253
944
2209
3317
3610
2917
1649
544
256
954
2223
3325
3607
2905
1635
537
260
965
2237
3333
3605
2894
1621
528
261
977
2250
3341
3602
2883
1607
521
265
988
2265
3348
3599
2871
1594
513
268
1000
2279
3356
3597
2860
1580
506
269
1011
2292
3364
3594
2849
1568
498
273
1023
2306
3370
3590
2838
1553
491
276
1035
2320
3377
3588
2825
1538
484
279
1047
2332
3384
3583
2813
1524
476
283
1059
2346
3391
3581
2801
1510
469
285
1070
2360
3399
3578
2789
1496
462
289
1083
2373
3405
3574
2777
1484
455
293
1094
2387
3412
3570
2765
1471
449
297
1105
2403
3419
3566
2754
1457
441
301
1118
2414
3428
3562
2740
1444
433
305
1130
2427
3433
3558
2728
1431
428
309
1142
2440
3441
3554
2717
1418
421
313
1154
2453
3446
3550
2703
1404
415
318
1169
2468
3454
3546
2691
1391
409
323
1180
2480
3460
3539
2679
1378
403
327
1193
2494
3465
3536
2666
1365
397
331
1205
2507
3470
3531
2654
1352
391
336
1218
2522
3476
3526
2642
1339
386
342
1229
2534
3485
3521
2630
1326
380
347
1243
2546
3490
3517
2616
1312
374
352
1255
2560
3495
3512
2604
1299
369
358
1267
2572
3500
3506
2592
1287
364
363
1279
2584
3505
3501
2577
1273
358
369
1294
2600
3511
3495
2565
1260
352
373
1307
2612
3515
3490
2552
1247
346
379
1321
2624
3521
3485
2538
1235
342
384
1335
2636
3525
3478
2525
1223
337
390
1346
2649
3530
3472
2512
1210
332
396
1360
2661
3535
3466
2500
1198
328
403
1372
2673
3539
3460
2485
1186
323
407
1386
2686
3544
3454
2471
1172
319
414
1399
2698
3549
3447
2458
1161
313
421
1413
2710
3554
3442
2445
1147
311
426
1425
2722
3558
3436
2432
1136
305
433
1439
2734
3561
3429
2418
1123
301
441
1453
2749
3564
3422
2405
1110
298
447
1466
2761
3568
3414
2393
1098
294
455
1479
2772
3573
3407
2380
1087
291
461
1492
2784
3576
3401
2366
1076
287
468
1507
2796
3579
3394
2352
1064
284
475
1519
2809
3583
3386
2339
1051
281
482
1533
2821
3586
3379
2324
1040
277
489
1547
2832
3590
3372
2312
1027
274
497
1560
2844
3592
3365
2298
1015
271
504
1575
2855
3595
3357
2285
1003
268
512
1588
2868
3598
3350
2270
992
266
519
1602
2878
3600
3342
2256
981
264
527
1615
2889
3603
3334
2242
970
261
535
1628
2902
3606
3327
2230
959
258
543
1642
2913
3607
3319
2215
947
255
551
1656
2923
3610
3310
2202
935
253
558
1670
2935
3612
3303
2187
924
252
566
1684
2947
3615
3293
2173
914
250
575
1696
2959
3616
3286
2161
901
248
584
1709
2970
3618
3277
2147
891
246
593
1724
2980
3619
3269
2134
880
244
601
1737
2991
3620
3261
2120
869
243
609
1749
3003
3622
3252
2107
858
242
618
1765
3013
3624
3243
2091
848
240
626
1781
3023
3626
3235
2078
836
239
635
1794
3034
3627
3224
2063
826
238
643
1808
3044
3628
3216
2050
816
237
653
1821
3054
3629
3206
2037
804
236
663
1835
3065
3630
3197
2023
795
235
671
1849
3075
3631
3187
2010
784
234
681
1863
3085
3631
3177
1994
773
234
691
1877
3095
3631
3169
1981
764
234
701
1891
3106
3632
3158
1967
753
233
710
1905
3116
3632
3149
1953
744
233
719
1919
3125
3632
3140
1940
735
232
730
1932
3134
3632
3129
1927
724
233
738
1946
3144
3632
3120
1913
715
234
748
1960
3154
3631
3110
1899
705
234
759
1974
3164
3632
3100
1885
695
234
768
1987
3173
3631
3091
1869
687
235
779
2002
3183
3630
3082
1857
677
236
788
2015
3193
3630
3071
1843
669
236
800
2030
3201
3629
3060
1829
657
236
811
2043
3210
3628
3049
1815
649
238
820
2056
3221
3627
3039
1802
641
239
830
2071
3230
3625
3028
1787
632
240
843
2083
3240
3624
3018
1773
623
242
855
2097
3247
3623
3007
1760
615
243
864
2113
3257
3622
2996
1744
604
244
874
2127
3265
3620
2985
1731
596
246
885
2140
3273
3618
2975
1717
588
248
896
2154
3282
3616
2963
1704
580
250
908
2167
3290
3614
2951
1690
571
252
920
2181
3298
3613
2939
1678
562
253
931
2194
3308
3612
2928
1664
555
255
943
2208
3316
3609
2918
1651
546
257
953
2221
3323
3606
2906
1637
538
259
965
2236
3332
3604
2894
1623
529
262
976
2248
3339
3601
2884
1608
522
265
986
2264
3347
3599
2873
1595
514
268
999
2278
3354
3596
2862
1582
507
270
1010
2291
3361
3593
2850
1569
499
273
1023
2304
3369
3590
2838
1554
492
275
1034
2318
3376
3587
2826
1540
485
279
1045
2332
3383
3584
2814
1524
477
282
1057
2344
3390
3581
2802
1512
470
286
1069
2360
3397
3577
2790
1498
464
289
1081
2372
3404
3574
2778
1486
457
293
1093
2385
3411
3570
2766
1472
449
297
1104
2400
3418
3566
2755
1459
443
301
1116
2413
3426
3562
2742
1447
436
305
1128
2426
3430
3558
2730
1432
429
309
1142
2439
3438
3554
2718
1420
422
313
1154
2452
3446
3550
2705
1407
417
318
1168
2464
3452
3546
2692
1393
410
323
1180
2480
3458
3540
2680
1380
404
327
1192
2492
3464
3536
2667
1367
398
332
1204
2505
3470
3530
2655
1354
392
337
1216
2519
3476
3526
2643
1340
387
342
1228
2532
3482
3521
2630
1328
380
347
1240
2545
3489
3516
2618
1314
374
352
1253
2558
3493
3511
2605
1301
371
357
1266
2571
3499
3506
2592
1289
365
363
1279
2584
3504
3501
2580
1275
359
368
1292
2598
3510
3496
2566
1262
354
373
1306
2610
3514
3490
2553
1250
348
379
1319
2623
3520
3486
2540
1237
343
384
1333
2634
3524
3478
2527
1225
338
390
1345
2648
3529
3473
2513
1212
332
396
1358
2659
3534
3466
2500
1200
329
401
1371
2672
3538
3461
2487
1188
324
407
1384
2684
3542
3454
2473
1174
319
413
1397
2697
3548
3448
2460
1162
316
421
1411
2708
3554
3443
2447
1149
311
426
1423
2720
3557
3437
2434
1137
305
433
1437
2733
3561
3430
2420
1125
301
440
1451
2744
3565
3422
2407
1112
299
447
1464
2759
3568
3415
2394
1101
295
453
1478
2771
3573
3409
2382
1089
290
461
1491
2782
3575
3401
2368
1077
287
466
1504
2794
3579
3394
2352
1065
284
474
1518
2807
3582
3387
2340
1052
281
481
1531
2818
3585
3381
2326
1041
277
489
1545
2830
3589
3373
2313
1029
274
496
1559
2842
3592
3367
2299
1017
271
503
1573
2854
3595
3359
2287
1005
268
510
1586
2866
3598
3351
2272
994
265
518
1600
2877
3601
3344
2258
981
263
525
1613
2888
3604
3337
2245
972
260
534
1626
2901
3606
3328
2232
960
258
541
1640
2912
3608
3321
2217
948
256
549
1654
2922
3610
3312
2204
937
254
558
1668
2933
3613
3304
2189
926
252
566
1682
2945
3614
3294
2176
916
251
574
1694
2957
3616
3287
2163
903
248
582
1709
2968
3618
3279
2149
892
246
590
1721
2979
3619
3270
2135
881
244
600
1735
2989
3621
3261
2122
870
244
608
1749
3001
3622
3253
2107
859
242
617
1765
3012
3624
3245
2093
849
240
626
1777
3022
3626
3236
2079
839
239
634
1793
3032
3626
3225
2066
828
238
643
1808
3042
3627
3217
2052
816
237
652
1820
3054
3628
3207
2039
806
236
661
1833
3064
3630
3198
2025
796
235
671
1847
3075
3630
3189
2010
785
234
681
1861
3084
3631
3178
1997
776
234
690
1877
3094
3631
3169
1982
765
234
699
1889
3105
3632
3159
1968
754
233
708
1903
3114
3631
3150
1955
745
233
719
1917
3124
3631
3140
1941
736
234
729
1931
3132
3632
3131
1929
726
233
738
1945
3143
3632
3121
1913
716
233
747
1958
3153
3631
3111
1901
706
234
757
1971
3163
3631
3102
1886
697
234
768
1985
3172
3630
3092
1873
688
234
778
2000
3182
3630
3083
1858
678
235
788
2014
3191
3630
3072
1845
669
236
798
2028
3201
3630
3061
1830
659
236
808
2042
3209
3628
3051
1817
651
237
819
2055
3219
3628
3040
1803
641
238
829
2068
3229
3625
3030
1789
633
240
841
2082
3239
3624
3019
1775
624
242
853
2096
3246
3624
3008
1761
616
242
862
2111
3256
3622
2997
1747
606
244
874
2124
3264
3621
2987
1733
597
245
884
2139
3273
3618
2976
1719
589
247
895
2153
3281
3617
2965
1705
580
250
906
2166
3289
3615
2954
1692
572
251
916
2180
3297
3614
2941
1680
564
253
930
2192
3305
3612
2930
1666
556
254
941
2206
3315
3610
2919
1653
546
256
952
2220
3322
3607
2907
1639
539
259
963
2232
3329
3604
2896
1624
530
262
975
2248
3338
3602
2886
1611
523
264
985
2262
3346
3599
2874
1597
515
267
997
2275
3353
3597
2863
1583
508
270
1008
2289
3360
3594
2852
1570
500
273
1021
2302
3369
3590
2840
1556
494
275
1033
2317
3374
3588
2828
1542
486
279
1044
2329
3382
3584
2815
1528
479
283
1056
2342
3389
3582
2804
1513
471
285
1068
2357
3397
3578
2792
1500
465
289
1080
2370
3403
3574
2780
1487
457
293
1092
2383
3410
3571
2768
1474
451
296
1103
2399
3418
3566
2757
1461
443
301
1115
2411
3426
3562
2743
1448
437
305
1127
2424
3430
3558
2731
1434
431
309
1139
2437
3438
3555
2720
1422
423
313
1153
2450
3445
3550
2707
1407
417
317
1165
2464
3450
3545
2694
1395
410
321
1178
2478
3457
3541
2681
1381
404
326
1190
2491
3463
3537
2669
1368
398
330
1202
2504
3470
3532
2657
1355
393
335
1214
2516
3475
3526
2645
1341
387
341
1226
2530
3481
3522
2632
1330
381
345
1238
2543
3489
3517
2620
1315
375
351
1252
2556
3493
3512
2607
1303
371
356
1265
2569
3498
3507
2594
1290
366
362
1278
2584
3504
3502
2580
1277
360
368
1291
2596
3509
3497
2568
1263
355
373
1304
2608
3514
3491
2556
1250
348
377
1317
2621
3519
3486
2541
1239
343
383
1332
2633
3524
3479
2529
1226
339
389
1343
2646
3529
3474
2514
1214
333
394
1356
2658
3534
3467
2502
1202
329
401
1369
2671
3538
3462
2489
1188
325
406
1382
2683
3542
3455
2475
1175
321
413
1397
2696
3548
3449
2461
1162
316
419
1410
2707
3553
3444
2448
1152
311
425
1423
2718
3557
3437
2435
1138
306
433
1436
2731
3561
3430
2422
1126
302
438
1450
2743
3564
3423
2409
1113
299
446
1463
2757
3567
3416
2396
1102
295
452
1476
2769
3572
3410
2383
1090
291
459
1489
2782
3576
3402
2369
1078
287
466
1503
2793
3578
3395
2356
1067
285
473
1517
2806
3583
3389
2342
1053
282
480
1530
2817
3585
3381
2328
1041
277
487
1543
2830
3589
3374
2315
1030
274
495
1557
2841
3592
3367
2301
1019
271
501
1571
2854
3595
3360
2289
1006
268
510
1585
2865
3597
3353
2274
995
266
516
1598
2876
3600
3345
2260
983
263
524
1611
2887
3604
3337
2247
973
261
532
1624
2899
3606
3329
2232
961
258
540
1639
2910
3608
3321
2220
949
256
548
1652
2921
3610
3313
2205
939
253
558
1666
2933
3613
3305
2191
928
252
565
1680
2943
3614
3295
2177
916
250
573
1692
2955
3616
3288
2165
904
248
581
1706
2966
3617
3280
2151
893
246
590
1720
2977
3619
3271
2137
883
244
598
1734
2987
3621
3262
2123
872
244
607
1749
2999
3622
3254
2110
861
242
615
1763
3011
3624
3245
2095
851
240
624
1776
3022
3625
3236
2080
840
239
632
1792
3032
3626
3226
2067
829
238
642
1805
3041
3627
3218
2054
818
237
651
1818
3053
3629
3209
2041
807
237
660
1832
3060
3630
3200
2027
796
236
671
1846
3073
3630
3190
2013
786
234
679
1860
3083
3631
3180
1998
776
234
689
1874
3093
3631
3170
1984
766
233
699
1887
3103
3632
3161
1970
756
233
707
1902
3113
3631
3152
1957
746
233
717
1916
3124
3632
3141
1943
736
233
727
1929
3132
3632
3131
1930
727
233
736
1943
3142
3632
3123
1916
718
233
746
1956
3151
3631
3113
1902
707
233
756
1970
3161
3632
3103
1888
699
234
766
1983
3170
3631
3093
1875
689
234
776
1998
3181
3630
3083
1860
679
235
786
2013
3191
3631
3074
1847
670
235
796
2026
3200
3630
3063
1832
660
236
808
2041
3209
3629
3052
1818
651
237
818
2053
3218
3627
3042
1806
643
238
829
2067
3227
3626
3031
1790
634
239
840
2080
3237
3625
3021
1777
625
241
851
2095
3245
3624
3010
1763
617
242
861
2107
3254
3622
2999
1749
606
244
872
2123
3263
3620
2988
1734
598
245
883
2137
3271
3618
2977
1720
590
246
893
2151
3280
3616
2967
1706
581
249
904
2163
3288
3615
2955
1693
573
251
916
2177
3297
3614
2943
1682
564
253
928
2191
3305
3612
2931
1668
557
254
939
2204
3313
3611
2921
1654
548
256
950
2218
3321
3608
2909
1641
539
258
962
2232
3329
3605
2898
1627
530
261
973
2246
3338
3603
2887
1613
524
263
984
2260
3345
3600
2876
1599
515
267
995
2273
3353
3597
2865
1586
509
269
1006
2289
3360
3594
2853
1571
502
273
1019
2301
3368
3590
2841
1558
495
275
1029
2315
3374
3589
2830
1544
486
278
1042
2328
3382
3585
2818
1529
480
281
1055
2341
3388
3582
2805
1515
472
285
1066
2356
3396
3578
2793
1502
465
289
1078
2368
3402
3574
2782
1489
457
293
1091
2382
3409
3572
2769
1476
451
296
1101
2397
3417
3568
2759
1463
444
301
1113
2409
3424
3562
2744
1449
437
303
1125
2422
3430
3559
2733
1435
431
308
1138
2436
3438
3556
2721
1423
424
313
1150
2448
3444
3550
2709
1411
418
317
1164
2464
3450
3546
2695
1397
412
321
1176
2476
3457
3542
2683
1383
405
325
1188
2490
3462
3538
2670
1371
400
329
1200
2502
3468
3533
2658
1357
393
334
1213
2514
3474
3528
2647
1343
388
340
1224
2529
3481
3522
2634
1331
381
345
1237
2541
3488
3518
2622
1317
376
350
1250
2555
3492
3514
2608
1304
371
354
1263
2568
3498
3508
2596
1292
366
361
1277
2580
3503
3503
2584
1279
360
366
1289
2595
3508
3498
2570
1265
355
372
1301
2608
3514
3492
2556
1252
349
376
1315
2620
3519
3487
2544
1240
343
382
1329
2632
3523
3480
2530
1227
339
388
1342
2645
3528
3475
2518
1216
333
393
1354
2657
3533
3469
2504
1203
329
400
1368
2669
3538
3462
2490
1190
325
405
1380
2681
3542
3456
2478
1178
320
413
1393
2693
3546
3449
2463
1165
313
417
1407
2707
3550
3444
2451
1153
311
424
1420
2718
3557
3438
2437
1139
306
431
1433
2730
3560
3430
2424
1127
303
437
1447
2742
3564
3424
2411
1114
299
444
1460
2756
3566
3418
2397
1103
295
451
1474
2768
3572
3410
2385
1092
291
458
1487
2780
3575
3403
2372
1080
288
465
1500
2791
3578
3396
2357
1069
284
472
1514
2804
3582
3389
2343
1055
281
479
1528
2816
3585
3383
2330
1044
278
486
1542
2828
3588
3375
2317
1031
275
494
1555
2840
3591
3368
2303
1021
271
501
1570
2851
3594
3361
2290
1007
269
508
1583
2864
3597
3353
2275
996
267
516
1597
2875
3600
3346
2262
984
263
524
1610
2886
3603
3337
2248
974
261
531
1624
2898
3606
3329
2232
963
258
540
1638
2909
3608
3321
2220
950
256
547
1650
2919
3610
3313
2207
940
253
556
1664
2931
3612
3305
2193
928
252
564
1678
2943
3614
3297
2179
916
250
572
1691
2955
3616
3289
2166
904
248
581
1705
2965
3617
3280
2153
895
247
589
1718
2976
3619
3272
2139
884
244
598
1732
2987
3621
3263
2125
872
243
606
1747
2998
3622
3255
2111
863
242
614
1761
3009
3624
3246
2096
851
240
623
1775
3020
3625
3238
2082
841
239
631
1788
3031
3626
3228
2069
830
238
640
1803
3040
3628
3219
2055
818
237
649
1817
3052
3629
3209
2042
808
236
659
1829
3060
3630
3201
2028
796
235
669
1843
3072
3631
3191
2015
787
234
678
1858
3082
3631
3183
2001
778
234
687
1873
3093
3632
3172
1986
767
233
697
1887
3102
3632
3162
1972
757
233
707
1900
3112
3631
3153
1959
747
233
716
1914
3122
3632
3143
1945
737
233
725
1927
3130
3633
3133
1932
727
233
736
1940
3141
3632
3124
1917
719
234
745
1954
3151
3632
3115
1903
709
233
755
1968
3160
3631
3104
1890
700
234
764
1982
3169
3631
3094
1877
690
234
775
1997
3180
3630
3085
1862
680
234
784
2011
3189
3631
3075
1848
671
235
796
2025
3199
3630
3064
1833
661
236
806
2038
3209
3629
3053
1820
652
237
816
2051
3217
3628
3043
1807
644
238
827
2065
3226
3627
3033
1792
634
239
838
2079
3237
3625
3022
1779
626
241
850
2092
3245
3624
3011
1765
618
242
859
2107
3253
3622
3002
1749
607
243
871
2122
3262
3621
2990
1735
598
244
882
2135
3271
3619
2979
1721
591
246
892
2149
3279
3617
2967
1709
582
248
903
2162
3287
3615
2956
1695
574
250
914
2176
3296
3614
2945
1683
565
253
927
2189
3305
3613
2933
1669
558
253
938
2203
3313
3611
2922
1656
548
256
949
2216
3321
3608
2911
1642
541
257
960
2231
3329
3606
2899
1629
532
261
972
2244
3337
3603
2888
1614
525
263
982
2258
3345
3600
2877
1600
516
266
994
2272
3352
3598
2866
1587
509
269
1006
2287
3359
3595
2854
1573
502
272
1017
2299
3367
3592
2843
1560
495
275
1029
2313
3373
3590
2830
1544
488
278
1041
2326
3381
3586
2820
1531
481
281
1053
2340
3387
3582
2806
1517
473
285
1065
2352
3395
3579
2794
1504
466
288
1077
2368
3402
3574
2782
1491
459
292
1089
2380
3410
3571
2771
1477
452
295
1100
2395
3417
3568
2760
1464
445
299
1112
2408
3423
3564
2747
1451
438
303
1124
2421
3430
3561
2734
1437
433
307
1136
2434
3437
3556
2724
1425
425
311
1149
2447
3444
3550
2709
1411
419
317
1162
2462
3450
3547
2697
1398
413
321
1175
2475
3456
3542
2684
1384
405
325
1187
2488
3462
3538
2672
1371
400
329
1200
2501
3468
3534
2660
1358
394
334
1212
2513
3474
3528
2648
1344
388
339
1223
2528
3480
3524
2635
1333
382
344
1235
2540
3487
3518
2623
1318
377
349
1249
2554
3492
3514
2610
1305
372
353
1262
2567
3497
3508
2597
1293
366
360
1275
2580
3503
3504
2584
1279
361
366
1287
2593
3508
3498
2571
1267
355
371
1300
2606
3514
3492
2558
1253
349
376
1313
2618
3519
3488
2545
1241
345
381
1328
2630
3523
3481
2532
1228
340
387
1340
2644
3527
3475
2520
1217
334
393
1354
2656
3533
3469
2505
1204
329
399
1366
2668
3538
3463
2492
1192
325
405
1379
2680
3541
3457
2480
1180
321
411
1392
2692
3546
3451
2465
1166
317
417
1406
2705
3550
3445
2452
1154
312
423
1419
2716
3556
3438
2439
1141
307
431
1432
2728
3560
3432
2426
1129
303
437
1446
2740
3564
3424
2412
1116
299
444
1459
2755
3566
3418
2400
1105
296
450
1472
2766
3571
3411
2386
1093
292
457
1485
2778
3574
3404
2373
1081
288
464
1499
2790
3578
3398
2360
1069
285
471
1511
2802
3582
3391
2345
1057
282
478
1527
2814
3584
3383
2332
1045
279
485
1540
2826
3588
3376
2319
1032
275
493
1553
2838
3592
3369
2305
1021
271
499
1569
2850
3594
3362
2291
1009
269
507
1581
2862
3597
3354
2278
997
265
514
1595
2873
3600
3347
2264
986
264
523
1608
2886
3602
3339
2250
975
260
530
1622
2895
3605
3331
2236
964
259
538
1635
2907
3607
3323
2222
952
256
546
1648
2918
3610
3315
2208
941
254
556
1663
2930
3613
3305
2194
931
253
564
1676
2941
3614
3298
2181
919
251
571
1689
2953
3615
3290
2168
906
248
579
1703
2963
3617
3281
2155
896
246
588
1716
2975
3619
3273
2140
885
245
596
1730
2985
3621
3265
2127
874
244
605
1743
2996
3621
3256
2113
864
243
613
1759
3008
3624
3247
2099
854
240
621
1773
3019
3625
3240
2084
843
239
630
1786
3029
3626
3230
2071
831
238
640
1801
3039
3627
3220
2058
820
237
648
1814
3050
3628
3211
2045
810
236
657
1828
3060
3630
3201
2030
800
236
668
1842
3070
3630
3193
2016
789
235
677
1857
3080
3631
3183
2002
778
234
687
1869
3091
3631
3173
1988
768
234
696
1885
3100
3632
3163
1974
758
233
705
1899
3111
3631
3153
1959
749
233
715
1912
3121
3632
3144
1946
739
233
724
1925
3130
3632
3134
1933
729
232
735
1939
3140
3632
3125
1919
719
233
744
1953
3149
3632
3115
1905
710
233
754
1966
3158
3632
3106
1892
701
233
764
1980
3168
3631
3095
1878
691
234
773
1994
3177
3631
3086
1863
681
235
784
2009
3188
3630
3077
1850
671
235
795
2022
3198
3630
3067
1835
662
235
804
2037
3207
3629
3055
1822
653
236
816
2050
3216
3629
3045
1809
646
237
826
2063
3225
3626
3034
1795
636
239
836
2078
3235
3626
3023
1780
627
240
848
2091
3244
3624
3013
1766
618
241
858
2107
3252
3623
3003
1752
609
243
869
2120
3261
3621
2991
1737
600
244
880
2133
3269
3619
2979
1724
591
246
890
2147
3278
3618
2969
1710
582
248
902
2161
3286
3616
2959
1697
574
250
912
2173
3295
3614
2947
1685
566
252
924
2188
3303
3613
2935
1671
558
253
937
2202
3312
3611
2923
1657
549
255
948
2215
3321
3609
2912
1644
542
257
959
2229
3328
3606
2901
1631
533
260
970
2242
3336
3603
2889
1616
525
263
981
2256
3343
3600
2878
1602
518
266
993
2269
3351
3598
2867
1589
510
269
1004
2285
3359
3595
2856
1575
504
271
1015
2297
3366
3592
2844
1561
496
274
1028
2311
3373
3589
2832
1547
488
277
1040
2324
3379
3586
2821
1532
482
280
1051
2338
3387
3582
2808
1518
473
284
1063
2352
3395
3580
2796
1505
466
287
1076
2365
3401
3575
2784
1492
459
291
1087
2378
3408
3573
2773
1479
453
295
1098
2394
3415
3568
2761
1464
447
298
1110
2406
3423
3564
2749
1452
439
303
1122
2419
3430
3561
2736
1439
433
306
1134
2432
3436
3557
2724
1427
425
312
1147
2446
3442
3552
2713
1413
419
315
1161
2460
3449
3547
2697
1399
413
320
1172
2473
3456
3543
2687
1387
406
325
1186
2486
3462
3538
2674
1372
401
329
1198
2499
3468
3534
2661
1360
394
333
1210
2512
3473
3530
2649
1347
389
338
1222
2526
3480
3523
2636
1334
383
344
1234
2539
3486
3519
2624
1320
377
348
1247
2552
3491
3515
2612
1307
372
353
1259
2564
3497
3510
2600
1295
367
359
1272
2577
3502
3505
2587
1282
362
365
1285
2591
3507
3499
2572
1268
356
370
1299
2604
3512
3493
2560
1255
349
375
1312
2617
3518
3489
2546
1243
345
381
1326
2629
3522
3481
2534
1231
340
387
1339
2642
3526
3476
2521
1218
335
392
1351
2654
3533
3470
2507
1206
329
398
1364
2666
3537
3464
2494
1193
326
404
1377
2679
3541
3458
2480
1181
321
410
1390
2690
3546
3452
2466
1167
317
417
1404
2704
3550
3446
2453
1154
313
422
1417
2714
3556
3439
2440
1142
309
429
1431
2726
3560
3430
2427
1130
303
436
1445
2738
3564
3426
2415
1118
301
443
1458
2754
3566
3418
2401
1106
296
449
1471
2765
3571
3412
2387
1094
293
456
1483
2777
3574
3406
2375
1083
288
464
1498
2788
3578
3399
2360
1071
285
471
1511
2800
3582
3391
2347
1059
282
477
1525
2812
3584
3384
2334
1046
279
484
1539
2826
3589
3377
2320
1034
275
492
1551
2838
3591
3370
2307
1022
272
498
1567
2848
3594
3363
2292
1012
269
506
1579
2861
3597
3356
2280
999
266
514
1593
2872
3599
3348
2265
987
264
522
1606
2884
3602
3339
2252
977
260
529
1620
2895
3606
3333
2238
965
258
537
1634
2906
3607
3324
2224
954
256
546
1648
2917
3610
3316
2210
942
253
554
1661
2928
3613
3309
2197
932
253
563
1675
2939
3614
3299
2182
920
251
570
1689
2951
3615
3291
2169
908
248
578
1701
2963
3617
3283
2156
897
246
586
1715
2973
3619
3275
2142
886
245
595
1729
2984
3621
3266
2129
875
244
605
1742
2995
3622
3258
2115
865
242
611
1757
3007
3624
3249
2100
855
241
621
1772
3017
3625
3241
2085
844
240
629
1784
3027
3626
3231
2073
832
238
639
1799
3038
3627
3221
2059
822
237
647
1812
3049
3628
3212
2046
811
236
657
1826
3059
3630
3203
2032
801
236
665
1840
3068
3630
3193
2018
791
235
676
1855
3079
3631
3184
2003
781
234
685
1869
3089
3631
3174
1990
769
234
695
1883
3100
3631
3165
1976
760
233
704
1897
3109
3631
3155
1962
750
234
714
1910
3119
3631
3145
1948
740
234
723
1924
3127
3632
3136
1934
731
233
733
1936
3138
3632
3125
1921
721
233
742
1951
3147
3632
3116
1908
712
234
752
1965
3157
3631
3106
1893
703
235
762
1978
3166
3630
3096
1880
693
234
773
1994
3175
3630
3087
1865
683
235
783
2007
3185
3629
3077
1851
674
236
794
2021
3196
3629
3067
1837
663
236
804
2036
3205
3628
3055
1823
655
236
815
2048
3214
3628
3046
1810
647
238
825
2062
3224
3626
3035
1796
638
240
836
2075
3233
3624
3025
1782
629
241
847
2089
3243
3623
3013
1768
620
243
857
2105
3251
3622
3004
1753
613
244
868
2118
3260
3621
2992
1739
601
244
878
2131
3269
3618
2981
1726
593
247
890
2145
3276
3617
2970
1712
585
249
900
2159
3285
3615
2959
1698
576
251
912
2172
3293
3614
2947
1687
567
252
923
2186
3301
3612
2935
1673
558
254
935
2199
3310
3611
2924
1659
550
255
947
2212
3319
3609
2913
1647
543
257
958
2226
3326
3606
2902
1631
534
261
969
2240
3335
3603
2891
1618
527
263
980
2254
3343
3601
2880
1604
519
265
990
2268
3350
3598
2870
1590
512
268
1003
2283
3357
3595
2857
1577
504
271
1014
2295
3366
3592
2846
1563
497
274
1027
2309
3372
3590
2834
1549
490
277
1037
2323
3379
3586
2822
1535
482
280
1049
2336
3386
3583
2810
1521
475
284
1062
2351
3393
3580
2797
1508
468
287
1074
2364
3401
3576
2786
1494
461
291
1086
2376
3407
3572
2773
1480
454
295
1097
2390
3414
3569
2762
1468
448
299
1109
2404
3421
3564
2750
1455
440
302
1121
2417
3429
3562
2737
1442
433
307
1133
2431
3434
3557
2726
1428
427
312
1146
2444
3441
3550
2713
1415
421
313
1159
2456
3446
3547
2700
1401
415
320
1171
2471
3454
3543
2687
1387
408
324
1184
2484
3460
3538
2675
1375
402
329
1196
2497
3466
3534
2663
1361
396
333
1208
2510
3472
3529
2650
1349
390
337
1219
2524
3478
3524
2638
1337
384
343
1233
2537
3486
3520
2625
1322
378
348
1245
2550
3490
3515
2612
1309
373
353
1259
2563
3495
3509
2600
1297
369
359
1271
2575
3500
3505
2588
1283
364
365
1285
2590
3506
3499
2574
1269
357
371
1297
2602
3511
3493
2561
1257
351
375
1311
2614
3516
3489
2548
1244
346
380
1325
2628
3521
3482
2535
1232
341
386
1338
2640
3526
3476
2523
1219
336
392
1350
2652
3530
3470
2508
1208
331
397
1363
2664
3536
3464
2496
1195
327
404
1376
2677
3540
3458
2482
1182
321
410
1389
2689
3545
3452
2467
1170
318
416
1403
2701
3550
3446
2454
1158
313
422
1416
2712
3554
3440
2441
1143
309
429
1429
2725
3558
3434
2429
1132
304
433
1442
2737
3562
3427
2416
1119
301
441
1456
2753
3566
3420
2402
1108
297
449
1469
2763
3570
3413
2389
1095
293
456
1483
2775
3574
3406
2376
1085
289
463
1496
2787
3577
3399
2362
1073
285
469
1510
2798
3581
3392
2348
1060
283
477
1523
2811
3583
3386
2336
1048
280
484
1537
2822
3586
3378
2322
1037
277
491
1550
2836
3590
3370
2308
1024
273
498
1565
2846
3593
3364
2294
1012
269
505
1578
2859
3597
3356
2282
1001
267
513
1591
2870
3599
3348
2267
989
265
521
1604
2882
3601
3341
2252
979
261
529
1617
2893
3604
3333
2240
967
259
538
1632
2904
3606
3325
2226
956
257
545
1646
2916
3609
3317
2212
944
255
552
1659
2927
3611
3309
2198
933
253
562
1673
2937
3613
3301
2184
923
252
569
1687
2947
3615
3292
2171
908
249
578
1699
2961
3617
3285
2157
898
248
586
1713
2971
3618
3275
2144
888
246
594
1727
2983
3620
3266
2131
877
244
603
1740
2993
3621
3258
2117
867
243
611
1756
3006
3622
3249
2103
856
241
620
1769
3015
3624
3241
2088
846
240
628
1783
3027
3626
3233
2074
834
238
637
1797
3036
3627
3221
2061
824
237
646
1811
3047
3628
3213
2047
812
237
655
1825
3057
3629
3204
2033
803
236
664
1838
3067
3630
3195
2020
792
235
675
1853
3077
3631
3185
2006
782
234
684
1868
3088
3631
3175
1992
771
234
693
1881
3098
3632
3166
1977
761
234
703
1895
3108
3632
3156
1964
751
234
713
1908
3118
3632
3147
1950
741
233
722
1921
3127
3632
3137
1936
732
233
732
1934
3137
3632
3127
1923
722
233
741
1950
3147
3632
3118
1909
713
233
752
1964
3156
3631
3108
1895
703
233
761
1977
3165
3631
3098
1881
694
234
770
1992
3174
3631
3088
1868
685
235
781
2005
3185
3631
3079
1854
675
236
792
2019
3195
3630
3067
1840
664
236
803
2033
3204
3629
3057
1825
656
236
814
2046
3213
3628
3047
1811
647
237
823
2060
3223
3627
3037
1798
639
239
833
2074
3233
3625
3026
1783
630
240
845
2087
3242
3623
3016
1769
620
242
856
2103
3249
3623
3005
1756
613
243
867
2115
3259
3621
2994
1741
603
244
878
2130
3267
3620
2982
1727
594
246
888
2143
3276
3618
2971
1714
585
248
900
2156
3284
3616
2961
1700
577
249
910
2171
3292
3614
2947
1687
568
252
922
2184
3301
3612
2937
1674
558
253
934
2198
3309
3611
2927
1661
552
255
945
2211
3317
3609
2915
1647
544
257
956
2224
3325
3606
2903
1634
536
260
967
2239
3334
3603
2892
1619
528
263
979
2252
3341
3601
2881
1605
520
265
989
2266
3349
3598
2870
1592
513
269
1001
2281
3356
3595
2858
1578
505
271
1012
2294
3364
3592
2846
1566
498
274
1025
2308
3370
3590
2835
1550
491
277
1037
2322
3378
3587
2822
1536
483
280
1048
2334
3385
3583
2810
1522
476
284
1061
2349
3392
3580
2799
1509
469
287
1073
2362
3400
3576
2787
1495
461
291
1085
2375
3406
3573
2775
1482
455
294
1096
2389
3413
3568
2763
1468
448
299
1108
2403
3420
3565
2752
1456
441
302
1120
2416
3428
3561
2738
1443
433
306
1132
2429
3434
3558
2726
1430
427
310
1144
2443
3441
3553
2715
1417
421
313
1157
2456
3446
3550
2701
1403
415
319
1170
2470
3454
3543
2689
1389
408
324
1182
2483
3460
3539
2677
1376
403
329
1194
2495
3465
3535
2665
1363
397
332
1206
2508
3471
3530
2652
1351
390
337
1219
2523
3477
3525
2640
1338
385
343
1231
2535
3483
3521
2627
1325
378
347
1243
2548
3490
3516
2615
1311
373
353
1257
2561
3495
3511
2603
1298
369
358
1269
2574
3500
3506
2590
1285
364
364
1283
2588
3506
3500
2576
1271
357
369
1295
2600
3511
3495
2564
1259
351
374
1309
2614
3516
3489
2550
1246
346
379
1322
2626
3521
3482
2537
1234
341
386
1337
2638
3525
3477
2524
1221
337
391
1348
2650
3531
3470
2511
1209
332
397
1361
2663
3536
3465
2497
1197
327
404
1374
2675
3539
3459
2484
1185
323
409
1387
2687
3544
3453
2470
1170
319
415
1399
2699
3549
3446
2457
1158
313
421
1414
2712
3554
3441
2443
1146
310
427
1427
2724
3558
3434
2431
1134
305
433
1441
2735
3562
3428
2417
1122
301
441
1455
2750
3566
3421
2404
1109
297
449
1468
2762
3569
3414
2391
1097
294
455
1481
2774
3574
3406
2378
1086
289
462
1494
2786
3577
3400
2364
1074
286
469
1509
2798
3581
3393
2351
1062
283
476
1522
2810
3