3307
3616
2936
1672
558
253
939
2205
3316
3614
2925
1658
549
255
949
2218
3324
3612
2914
1644
542
259
961
2233
3332
3609
2903
1632
534
261
972
2246
3340
3606
2891
1616
526
263
983
2259
3348
3604
2881
1603
518
266
993
2273
3355
3601
2869
1589
510
269
1006
2288
3362
3599
2858
1576
503
272
1017
2301
3371
3595
2846
1561
496
275
1031
2315
3377
3593
2835
1548
488
278
1043
2328
3383
3589
2823
1534
481
281
1055
2342
3391
3586
2810
1520
473
285
1066
2355
3398
3582
2798
1507
467
288
1078
2369
3405
3578
2787
1493
460
292
1090
2382
3411
3576
2774
1481
453
295
1101
2396
3419
3571
2763
1467
447
301
1113
2408
3426
3568
2751
1454
439
303
1126
2422
3434
3564
2737
1441
433
307
1137
2435
3440
3560
2726
1428
425
313
1149
2448
3446
3554
2711
1415
420
316
1163
2462
3452
3551
2699
1401
413
321
1176
2475
3459
3546
2687
1388
407
325
1188
2488
3465
3542
2675
1375
401
329
1200
2501
3470
3537
2662
1362
395
334
1212
2514
3477
3532
2651
1349
389
339
1224
2528
3483
3527
2639
1336
383
345
1237
2541
3490
3523
2626
1322
377
349
1249
2554
3495
3518
2613
1309
373
355
1262
2566
3501
3512
2601
1297
368
360
1275
2579
3505
3508
2586
1281
362
366
1288
2594
3511
3502
2574
1269
357
371
1301
2606
3516
3497
2561
1257
350
375
1314
2619
3522
3492
2547
1245
345
381
1329
2631
3526
3485
2535
1232
340
387
1341
2644
3530
3480
2523
1220
335
393
1354
2655
3536
3473
2508
1207
331
399
1367
2668
3540
3467
2496
1195
326
404
1380
2681
3544
3461
2482
1183
321
411
1393
2693
3550
3454
2468
1170
317
417
1407
2707
3554
3449
2456
1156
313
423
1420
2718
3560
3442
2442
1144
309
430
1433
2729
3562
3436
2429
1132
304
437
1448
2743
3567
3429
2416
1119
301
443
1460
2758
3570
3422
2403
1107
297
449
1473
2768
3574
3416
2390
1096
294
457
1486
2780
3578
3408
2377
1084
289
465
1500
2792
3581
3402
2363
1072
286
471
1512
2804
3585
3394
2348
1061
283
478
1527
2815
3588
3388
2335
1046
279
485
1540
2829
3591
3381
2322
1035
275
493
1553
2841
3595
3373
2309
1023
273
499
1569
2851
3598
3366
2295
1012
269
507
1581
2864
3601
3358
2282
1000
267
515
1595
2874
3603
3351
2267
988
265
523
1608
2887
3606
3343
2254
978
261
530
1622
2897
3609
3335
2241
967
260
538
1636
2909
3611
3327
2225
954
257
546
1650
2921
3613
3320
2212
944
255
554
1663
2932
3616
3311
2199
933
253
563
1678
2942
3618
3302
2184
921
252
570
1691
2954
3619
3295
2172
908
249
578
1704
2966
3621
3286
2159
897
247
587
1717
2976
3622
3278
2144
888
246
595
1731
2987
3624
3269
2131
876
244
605
1744
2998
3625
3261
2117
866
242
613
1759
3010
3627
3252
2102
855
241
622
1773
3020
3629
3244
2088
844
239
631
1787
3031
3630
3234
2074
833
239
640
1802
3041
3631
3224
2061
823
237
649
1815
3052
3632
3215
2048
812
237
658
1829
3063
3633
3206
2033
802
236
668
1842
3072
3635
3197
2020
791
235
678
1858
3083
3635
3187
2006
781
234
687
1871
3094
3635
3177
1990
770
234
696
1886
3104
3635
3167
1977
761
234
706
1899
3113
3635
3159
1963
751
234
716
1913
3123
3636
3149
1950
741
233
725
1926
3132
3636
3139
1936
732
233
735
1939
3142
3636
3129
1923
721
233
744
1953
3152
3635
3120
1908
712
233
754
1967
3161
3635
3110
1895
703
234
764
1980
3171
3635
3100
1882
693
235
774
1996
3181
3635
3090
1867
684
234
783
2011
3189
3634
3080
1853
672
236
795
2025
3201
3633
3070
1839
664
236
805
2039
3209
3633
3059
1825
656
237
815
2051
3219
3631
3048
1811
647
238
826
2065
3228
3630
3038
1798
637
239
837
2079
3238
3629
3027
1783
628
241
848
2093
3247
3627
3017
1769
619
243
858
2108
3256
3627
3007
1755
610
243
869
2122
3264
3625
2994
1740
601
245
880
2135
3272
3623
2983
1727
593
246
890
2148
3281
3621
2973
1713
584
248
902
2162
3289
3619
2962
1700
576
251
913
2175
3297
3618
2950
1687
566
253
925
2189
3307
3616
2938
1672
558
253
937
2203
3315
3614
2927
1660
550
255
948
2216
3323
3612
2915
1646
543
257
959
2230
3330
3610
2905
1632
534
260
970
2243
3339
3607
2893
1618
527
263
981
2258
3346
3605
2883
1604
518
266
993
2271
3354
3602
2871
1591
512
269
1004
2287
3361
3598
2859
1577
504
271
1015
2299
3369
3595
2848
1563
497
274
1030
2312
3375
3594
2836
1550
490
278
1041
2326
3383
3590
2825
1536
482
281
1052
2340
3390
3587
2812
1522
475
285
1065
2355
3398
3583
2800
1508
467
287
1076
2367
3405
3580
2787
1495
461
291
1088
2381
3411
3576
2776
1482
454
295
1100
2395
3418
3572
2765
1469
447
299
1112
2406
3426
3569
2753
1455
440
303
1124
2421
3433
3565
2739
1442
433
307
1136
2433
3439
3561
2727
1430
426
311
1148
2446
3446
3556
2715
1417
420
313
1162
2460
3452
3552
2702
1401
414
320
1174
2474
3458
3547
2689
1389
407
324
1187
2486
3464
3543
2676
1375
401
329
1199
2499
3470
3538
2664
1363
395
333
1211
2513
3477
3534
2651
1351
389
338
1222
2526
3482
3528
2640
1338
384
343
1235
2539
3490
3523
2628
1323
378
348
1248
2552
3494
3519
2614
1311
373
353
1261
2565
3500
3513
2602
1297
368
360
1273
2577
3505
3509
2590
1285
363
365
1286
2592
3511
3503
2575
1271
356
371
1300
2605
3516
3497
2562
1259
350
374
1313
2618
3521
3493
2550
1246
346
381
1327
2629
3526
3485
2536
1234
341
386
1340
2642
3530
3480
2524
1221
336
392
1353
2654
3535
3474
2510
1209
331
398
1365
2667
3540
3468
2497
1197
326
404
1378
2679
3544
3462
2484
1184
321
410
1392
2691
3549
3456
2470
1171
317
417
1405
2704
3554
3450
2457
1159
313
422
1417
2717
3560
3444
2445
1145
307
429
1432
2728
3562
3438
2431
1133
304
435
1445
2740
3566
3431
2418
1121
301
443
1457
2755
3570
3423
2405
1109
297
449
1471
2766
3574
3416
2391
1097
293
457
1484
2779
3578
3409
2379
1086
289
463
1498
2790
3582
3403
2365
1074
286
470
1511
2803
3585
3395
2351
1061
283
477
1525
2814
3588
3388
2337
1049
280
485
1538
2825
3591
3381
2324
1036
276
491
1552
2840
3594
3374
2311
1024
273
498
1567
2849
3597
3367
2296
1013
270
506
1580
2863
3601
3359
2284
1001
267
514
1593
2874
3603
3352
2269
990
265
522
1607
2886
3606
3345
2255
979
261
529
1620
2896
3608
3336
2242
968
259
537
1634
2908
3610
3329
2227
956
257
546
1648
2919
3613
3321
2214
945
255
553
1661
2930
3615
3313
2201
933
253
562
1676
2941
3618
3303
2187
923
252
570
1690
2953
3619
3296
2174
910
249
578
1702
2965
3621
3287
2160
899
248
587
1716
2976
3622
3279
2146
889
246
594
1730
2986
3624
3270
2132
877
244
604
1743
2997
3625
3262
2118
867
243
612
1758
3010
3628
3253
2106
856
241
621
1771
3019
3629
3245
2090
846
240
630
1786
3030
3630
3235
2076
833
238
638
1801
3040
3631
3225
2063
825
237
648
1814
3051
3632
3216
2049
813
237
657
1827
3062
3633
3207
2034
803
236
665
1841
3072
3634
3198
2020
793
235
676
1856
3082
3635
3189
2007
782
235
686
1871
3093
3635
3179
1993
772
233
695
1884
3103
3635
3169
1978
761
233
705
1898
3112
3636
3160
1964
752
233
714
1911
3123
3636
3150
1951
742
233
724
1925
3131
3636
3140
1937
733
233
734
1937
3141
3636
3130
1924
722
233
742
1952
3151
3636
3121
1910
713
233
753
1966
3160
3636
3111
1897
704
234
763
1980
3170
3635
3102
1883
694
234
772
1994
3179
3634
3091
1869
684
234
783
2008
3189
3634
3082
1855
675
236
793
2023
3200
3634
3070
1841
665
236
804
2037
3208
3633
3060
1827
656
236
813
2050
3219
3631
3050
1812
649
238
825
2064
3227
3631
3039
1799
638
238
835
2078
3237
3629
3029
1784
630
240
847
2091
3246
3628
3018
1771
620
242
857
2106
3254
3627
3009
1757
613
242
867
2120
3263
3625
2996
1742
602
244
878
2133
3272
3624
2984
1728
593
246
890
2147
3280
3621
2974
1715
586
248
900
2160
3288
3619
2964
1701
577
250
911
2174
3297
3618
2950
1688
568
252
923
2188
3305
3616
2938
1675
558
253
936
2202
3313
3615
2928
1662
551
255
947
2215
3321
3612
2917
1648
544
258
958
2228
3330
3610
2906
1632
534
261
969
2243
3338
3607
2894
1620
528
262
981
2256
3345
3605
2884
1605
520
266
991
2270
3353
3602
2873
1593
512
269
1002
2285
3360
3599
2861
1579
505
272
1014
2297
3369
3596
2849
1566
497
274
1028
2311
3374
3593
2837
1552
491
277
1039
2325
3382
3591
2825
1538
482
280
1051
2338
3389
3588
2813
1524
475
284
1063
2352
3397
3584
2801
1510
468
287
1075
2366
3404
3580
2789
1497
461
290
1087
2379
3410
3577
2778
1483
455
294
1098
2392
3418
3573
2766
1470
448
298
1110
2406
3425
3569
2754
1457
441
302
1122
2419
3432
3565
2741
1445
433
306
1134
2432
3438
3562
2729
1431
427
311
1146
2445
3445
3557
2717
1418
421
313
1160
2458
3450
3554
2703
1405
415
319
1172
2473
3458
3547
2691
1390
408
324
1185
2485
3464
3542
2678
1377
402
329
1198
2498
3470
3538
2666
1365
396
333
1209
2511
3476
3534
2653
1352
390
337
1221
2525
3481
3529
2642
1339
384
342
1233
2539
3489
3524
2629
1326
379
347
1247
2551
3494
3520
2616
1312
373
353
1259
2564
3499
3514
2604
1299
368
358
1271
2576
3505
3509
2591
1287
363
364
1285
2590
3510
3504
2577
1273
357
370
1297
2603
3515
3498
2565
1261
351
375
1312
2616
3520
3493
2551
1248
346
379
1324
2629
3525
3487
2538
1236
342
385
1338
2641
3530
3481
2526
1222
337
392
1351
2652
3535
3474
2512
1210
332
397
1363
2665
3540
3469
2499
1198
327
403
1377
2678
3543
3462
2485
1186
322
409
1389
2690
3549
3457
2472
1172
318
415
1404
2703
3553
3450
2460
1160
313
421
1417
2715
3558
3444
2446
1146
309
429
1430
2727
3563
3438
2433
1135
305
433
1443
2739
3567
3432
2420
1123
301
442
1456
2754
3570
3424
2406
1110
297
449
1469
2765
3574
3418
2393
1099
294
455
1483
2777
3578
3411
2379
1087
290
462
1496
2789
3581
3404
2367
1075
286
469
1510
2801
3584
3396
2354
1063
283
477
1523
2813
3587
3390
2339
1050
279
483
1536
2825
3590
3382
2326
1038
275
491
1550
2837
3594
3375
2312
1026
273
498
1564
2849
3598
3368
2298
1014
269
505
1578
2861
3601
3361
2286
1003
268
513
1592
2873
3602
3353
2271
991
265
521
1605
2884
3605
3345
2257
981
262
528
1618
2895
3609
3338
2243
969
260
536
1634
2907
3611
3329
2229
957
257
544
1646
2918
3613
3321
2216
946
255
553
1660
2929
3615
3313
2203
935
253
561
1674
2940
3617
3305
2189
925
252
568
1688
2950
3619
3297
2174
911
249
577
1700
2963
3620
3289
2162
901
248
586
1714
2974
3622
3280
2148
890
246
594
1727
2984
3623
3272
2134
879
244
603
1741
2996
3625
3263
2121
869
244
612
1757
3009
3626
3253
2108
857
242
620
1770
3018
3629
3246
2091
847
240
629
1784
3028
3629
3237
2078
836
239
638
1799
3039
3630
3227
2065
826
237
646
1812
3050
3632
3218
2051
815
236
656
1826
3060
3633
3208
2037
803
236
665
1839
3071
3634
3199
2023
794
236
675
1854
3081
3635
3189
2008
784
234
685
1867
3091
3635
3180
1995
773
234
694
1882
3101
3635
3170
1980
763
234
704
1895
3112
3636
3161
1967
753
233
713
1909
3121
3635
3151
1952
743
234
723
1923
3130
3636
3142
1939
735
233
732
1936
3141
3637
3132
1926
724
233
741
1951
3151
3636
3123
1911
714
233
752
1964
3160
3635
3112
1898
704
234
761
1977
3169
3635
3103
1885
695
234
771
1992
3178
3635
3092
1871
686
234
781
2006
3189
3634
3083
1856
676
235
792
2021
3197
3634
3070
1842
666
236
803
2036
3207
3633
3061
1828
658
237
813
2049
3217
3632
3050
1814
648
238
823
2062
3226
3631
3041
1802
639
239
834
2076
3236
3629
3030
1786
630
240
846
2090
3245
3628
3020
1773
621
241
856
2102
3253
3627
3009
1759
612
242
866
2118
3263
3625
2997
1744
603
244
877
2132
3271
3623
2986
1731
594
246
888
2146
3279
3622
2976
1717
586
248
899
2159
3287
3620
2964
1704
577
250
910
2173
3296
3619
2954
1690
569
252
921
2186
3305
3617
2941
1676
561
253
933
2199
3313
3616
2930
1663
552
255
945
2213
3321
3613
2918
1649
544
257
956
2227
3329
3610
2907
1636
536
260
968
2241
3338
3608
2896
1622
528
262
980
2254
3345
3605
2885
1607
521
265
989
2268
3353
3603
2873
1593
513
268
1001
2283
3359
3600
2863
1580
506
270
1013
2295
3367
3597
2851
1568
498
273
1027
2310
3374
3594
2840
1554
491
276
1038
2323
3381
3591
2827
1540
483
280
1049
2336
3388
3587
2814
1526
476
283
1061
2350
3396
3585
2802
1512
469
287
1073
2364
3403
3580
2790
1499
463
291
1085
2377
3410
3577
2779
1485
455
294
1096
2391
3416
3573
2767
1472
449
297
1109
2404
3423
3570
2756
1459
441
302
1120
2417
3432
3566
2742
1446
433
305
1132
2430
3438
3562
2731
1433
427
309
1145
2443
3444
3557
2719
1420
421
313
1158
2457
3450
3554
2705
1405
416
319
1172
2470
3457
3548
2692
1393
409
323
1183
2482
3463
3544
2680
1379
403
328
1196
2496
3468
3539
2667
1366
397
332
1207
2510
3474
3534
2655
1353
392
337
1220
2524
3480
3530
2643
1340
385
342
1233
2536
3486
3525
2630
1328
380
347
1245
2549
3493
3519
2618
1313
374
353
1257
2562
3498
3514
2605
1301
370
358
1270
2574
3503
3509
2593
1289
364
364
1283
2589
3509
3504
2578
1275
358
369
1297
2602
3514
3498
2566
1261
353
374
1310
2614
3519
3494
2554
1249
347
380
1323
2626
3524
3486
2540
1237
343
386
1337
2638
3528
3481
2526
1225
337
391
1349
2651
3534
3475
2513
1212
332
397
1363
2664
3538
3469
2499
1200
328
404
1375
2676
3542
3463
2487
1188
323
409
1389
2688
3548
3457
2473
1174
319
415
1401
2701
3552
3450
2460
1162
313
421
1415
2713
3557
3445
2448
1148
311
428
1428
2725
3562
3438
2435
1137
306
433
1442
2737
3565
3432
2420
1125
301
441
1455
2752
3569
3424
2408
1112
299
448
1468
2764
3572
3417
2395
1100
295
455
1481
2775
3576
3411
2382
1089
291
462
1494
2788
3580
3404
2367
1078
287
469
1509
2799
3583
3397
2355
1065
284
476
1521
2811
3587
3390
2341
1053
281
483
1535
2824
3590
3383
2327
1040
278
490
1548
2836
3594
3375
2314
1027
273
497
1561
2847
3596
3369
2300
1016
271
504
1576
2859
3599
3361
2287
1003
268
512
1589
2871
3602
3353
2272
992
265
519
1603
2882
3604
3346
2259
982
263
527
1617
2893
3608
3339
2245
971
260
534
1631
2905
3610
3331
2233
959
258
543
1645
2916
3613
3323
2218
947
255
551
1658
2927
3615
3315
2205
936
253
558
1672
2938
3617
3307
2190
925
252
567
1686
2950
3619
3297
2176
913
250
576
1699
2961
3620
3289
2163
903
248
585
1712
2972
3622
3281
2150
891
246
592
1725
2983
3623
3273
2136
881
245
601
1739
2994
3624
3264
2122
870
243
611
1754
3007
3626
3255
2109
859
242
619
1768
3016
3628
3247
2093
849
240
628
1782
3026
3630
3238
2080
837
239
637
1796
3037
3630
3228
2066
826
238
645
1810
3047
3632
3219
2053
817
237
655
1824
3058
3632
3209
2038
805
236
664
1837
3069
3634
3201
2025
796
235
672
1851
3080
3635
3189
2011
785
234
684
1867
3089
3634
3181
1996
773
235
693
1881
3100
3635
3171
1982
764
234
702
1893
3110
3635
3161
1968
754
234
712
1907
3119
3635
3151
1955
744
234
721
1921
3129
3635
3142
1940
736
233
731
1935
3138
3635
3132
1927
725
233
740
1949
3149
3635
3123
1913
716
234
750
1962
3158
3635
3114
1900
706
234
761
1976
3167
3635
3104
1887
696
234
770
1990
3177
3634
3094
1871
687
235
781
2004
3187
3634
3084
1859
678
236
790
2019
3197
3633
3073
1843
668
236
801
2034
3205
3633
3062
1829
658
237
812
2048
3215
3631
3051
1816
650
237
822
2060
3225
3630
3041
1804
640
238
833
2074
3234
3629
3031
1788
632
240
845
2087
3243
3627
3021
1775
622
242
856
2101
3252
3627
3010
1761
615
243
865
2116
3261
3626
2998
1747
605
244
876
2130
3269
3624
2988
1732
596
245
887
2143
3278
3622
2976
1719
588
248
897
2157
3286
3620
2966
1705
578
250
909
2171
3294
3618
2954
1691
572
252
921
2184
3303
3617
2942
1678
562
253
933
2198
3309
3615
2931
1665
554
255
944
2211
3320
3613
2920
1651
546
257
955
2225
3327
3610
2908
1638
538
260
966
2239
3336
3608
2897
1624
529
262
977
2252
3343
3606
2887
1609
522
265
988
2267
3351
3603
2874
1596
514
268
999
2282
3358
3600
2863
1582
508
270
1011
2294
3365
3597
2852
1570
499
273
1023
2307
3373
3594
2841
1556
492
277
1037
2321
3379
3591
2828
1542
485
279
1047
2335
3387
3588
2816
1526
478
283
1061
2348
3394
3584
2805
1514
470
286
1071
2363
3402
3580
2793
1500
464
290
1084
2375
3408
3577
2780
1487
457
294
1096
2389
3414
3573
2769
1474
449
297
1107
2403
3422
3569
2757
1461
441
301
1120
2415
3430
3565
2743
1449
436
306
1131
2428
3436
3562
2732
1434
429
309
1144
2441
3442
3558
2719
1422
423
313
1156
2454
3450
3553
2706
1409
417
319
1170
2469
3456
3548
2694
1393
410
323
1182
2482
3462
3543
2682
1381
404
327
1194
2495
3468
3540
2669
1368
398
331
1206
2507
3474
3535
2656
1356
392
337
1219
2522
3480
3530
2645
1342
387
342
1230
2534
3486
3525
2632
1330
380
346
1243
2548
3493
3519
2619
1316
375
352
1256
2559
3497
3516
2606
1303
370
358
1269
2573
3503
3510
2594
1291
365
363
1281
2586
3509
3505
2581
1277
360
369
1295
2600
3514
3499
2568
1263
354
373
1308
2612
3518
3494
2555
1251
347
379
1321
2625
3524
3490
2542
1237
343
384
1336
2637
3528
3482
2528
1225
338
390
1348
2650
3533
3476
2514
1214
333
396
1361
2662
3538
3470
2501
1201
329
402
1373
2674
3542
3464
2488
1189
324
408
1387
2687
3548
3458
2476
1175
319
413
1400
2699
3552
3452
2462
1164
313
420
1414
2712
3558
3446
2449
1150
311
427
1427
2723
3561
3440
2436
1137
306
433
1440
2736
3565
3433
2423
1126
301
440
1453
2751
3569
3425
2410
1113
299
447
1466
2764
3572
3418
2396
1101
295
453
1479
2773
3576
3412
2383
1090
290
461
1492
2785
3579
3405
2370
1079
288
468
1506
2797
3583
3399
2355
1066
284
475
1520
2810
3587
3391
2343
1055
281
481
1533
2822
3589
3384
2329
1042
278
489
1547
2835
3593
3377
2316
1029
275
496
1560
2846
3596
3370
2301
1018
271
503
1575
2858
3599
3362
2289
1006
268
511
1588
2870
3602
3356
2274
994
266
518
1602
2881
3605
3347
2260
982
263
526
1615
2891
3608
3340
2247
972
261
534
1630
2904
3610
3332
2234
961
258
542
1642
2915
3612
3323
2219
949
255
550
1657
2926
3615
3316
2206
937
254
558
1670
2938
3616
3307
2191
927
252
566
1684
2948
3619
3298
2178
916
250
574
1698
2960
3620
3291
2164
904
248
583
1710
2971
3622
3282
2152
893
247
592
1724
2982
3623
3273
2138
882
244
600
1739
2992
3624
3265
2124
871
243
610
1751
3005
3626
3257
2110
860
243
618
1767
3015
3628
3248
2095
851
240
627
1780
3026
3629
3240
2082
840
240
635
1795
3036
3630
3229
2068
828
238
644
1809
3046
3632
3220
2054
817
236
653
1822
3058
3632
3211
2040
807
237
663
1836
3067
3634
3202
2026
797
236
672
1850
3079
3634
3192
2012
785
235
682
1863
3088
3635
3181
1996
776
235
692
1879
3098
3635
3172
1984
765
234
702
1892
3108
3635
3163
1970
756
234
711
1906
3119
3635
3153
1956
746
234
720
1919
3128
3636
3144
1943
736
233
730
1934
3137
3636
3134
1929
726
233
739
1947
3147
3635
3125
1915
717
234
749
1961
3156
3635
3115
1902
707
233
759
1974
3166
3635
3104
1888
698
235
769
1988
3175
3634
3096
1875
690
235
779
2002
3186
3634
3085
1859
679
236
789
2017
3195
3633
3075
1846
671
236
801
2032
3205
3633
3063
1832
660
236
811
2045
3213
3632
3054
1818
652
238
821
2058
3223
3630
3042
1806
642
239
831
2072
3234
3629
3033
1790
633
241
843
2086
3243
3627
3022
1776
623
242
855
2099
3250
3627
3011
1763
616
243
864
2115
3260
3626
3000
1749
606
244
875
2128
3269
3624
2989
1734
597
246
885
2142
3277
3622
2978
1720
588
248
897
2156
3285
3620
2967
1706
580
250
907
2169
3293
3618
2955
1693
572
252
917
2183
3301
3616
2943
1680
563
253
932
2196
3309
3615
2932
1667
556
254
943
2209
3319
3614
2921
1652
546
256
953
2223
3326
3610
2910
1639
539
259
965
2238
3336
3609
2898
1625
530
262
977
2251
3343
3605
2888
1610
522
264
986
2265
3350
3603
2877
1597
515
268
998
2279
3357
3600
2865
1584
509
270
1010
2294
3365
3598
2854
1571
499
273
1022
2306
3373
3594
2842
1556
494
276
1035
2320
3379
3592
2830
1543
486
278
1047
2333
3387
3588
2818
1529
479
282
1059
2346
3393
3585
2806
1515
470
286
1070
2361
3401
3581
2794
1502
464
289
1083
2374
3407
3578
2782
1488
457
293
1095
2387
3414
3574
2770
1475
450
297
1106
2401
3422
3570
2759
1463
443
301
1118
2413
3429
3566
2745
1449
437
305
1129
2427
3434
3562
2733
1436
429
309
1142
2440
3442
3558
2721
1424
424
313
1156
2453
3449
3554
2709
1409
418
317
1168
2466
3455
3550
2695
1395
411
321
1180
2480
3462
3545
2683
1383
404
327
1193
2494
3467
3540
2670
1370
399
330
1204
2506
3473
3536
2658
1357
393
335
1217
2520
3479
3530
2647
1343
388
341
1229
2533
3486
3525
2634
1331
381
346
1241
2546
3492
3520
2620
1317
376
351
1254
2558
3496
3516
2609
1305
371
356
1268
2572
3502
3510
2596
1292
365
363
1281
2586
3508
3506
2582
1278
360
367
1293
2598
3513
3500
2569
1265
355
373
1307
2610
3518
3494
2557
1252
348
377
1319
2623
3523
3489
2542
1239
343
384
1334
2636
3527
3483
2530
1228
339
389
1346
2650
3533
3477
2516
1215
333
395
1359
2660
3538
3470
2504
1203
329
401
1372
2672
3542
3466
2490
1190
324
407
1385
2685
3546
3458
2477
1177
320
414
1399
2697
3550
3452
2463
1164
316
420
1412
2710
3557
3447
2451
1151
311
425
1425
2721
3561
3441
2438
1140
307
433
1438
2735
3565
3434
2424
1127
302
439
1453
2746
3568
3426
2411
1115
299
445
1464
2761
3572
3420
2398
1103
295
453
1477
2773
3576
3413
2385
1092
291
459
1490
2784
3580
3406
2371
1080
287
466
1504
2796
3583
3398
2358
1068
285
473
1518
2809
3586
3392
2344
1055
281
481
1532
2821
3589
3385
2330
1042
277
488
1545
2833
3593
3377
2317
1030
274
496
1558
2845
3596
3371
2303
1019
271
502
1573
2857
3598
3364
2290
1007
269
510
1586
2868
3601
3356
2275
996
266
517
1600
2879
3604
3349
2263
984
264
526
1613
2890
3607
3341
2249
973
260
533
1626
2902
3610
3333
2235
962
258
541
1642
2914
3612
3325
2221
950
255
549
1655
2925
3615
3317
2207
940
253
558
1668
2935
3617
3309
2194
929
252
566
1682
2948
3619
3300
2179
917
251
574
1695
2958
3620
3291
2167
905
248
582
1708
2970
3622
3283
2153
894
247
591
1722
2981
3623
3274
2140
884
246
599
1736
2990
3625
3266
2126
873
244
609
1751
3002
3625
3257
2110
861
243
617
1765
3014
3628
3249
2098
852
240
626
1779
3024
3629
3240
2083
841
239
634
1794
3034
3630
3230
2070
830
239
643
1807
3045
3632
3221
2056
819
237
652
1820
3056
3632
3212
2042
808
237
661
1834
3064
3634
3203
2028
797
236
672
1848
3077
3634
3193
2014
787
234
682
1862
3087
3635
3183
2000
777
234
690
1876
3097
3635
3174
1985
767
234
700
1890
3107
3635
3165
1972
757
233
709
1904
3117
3635
3155
1959
747
234
719
1918
3127
3635
3145
1944
737
234
729
1931
3136
3637
3136
1932
727
233
738
1945
3145
3636
3126
1917
718
233
747
1958
3156
3636
3116
1903
709
234
757
1973
3165
3635
3106
1889
699
234
767
1986
3175
3635
3097
1875
690
234
778
2000
3185
3634
3086
1862
680
236
787
2016
3195
3634
3076
1848
671
235
797
2029
3204
3634
3066
1833
660
236
809
2043
3213
3632
3055
1820
652
236
820
2056
3222
3631
3044
1808
643
238
830
2071
3231
3629
3034
1791
633
240
842
2084
3242
3628
3024
1778
625
241
853
2098
3249
3627
3012
1765
617
242
862
2113
3259
3627
3001
1750
606
244
873
2126
3267
3624
2990
1736
598
246
884
2140
3276
3622
2980
1722
590
248
895
2154
3284
3620
2968
1708
581
249
905
2167
3292
3619
2958
1695
573
251
917
2180
3301
3618
2946
1682
564
253
929
2194
3309
3616
2934
1668
556
254
941
2208
3317
3614
2922
1655
547
256
952
2221
3325
3612
2912
1641
539
259
964
2235
3333
3609
2902
1628
530
261
974
2249
3342
3606
2889
1612
524
264
985
2263
3349
3603
2878
1599
516
267
997
2276
3357
3601
2867
1586
509
269
1008
2291
3364
3598
2855
1572
502
273
1020
2304
3373
3594
2844
1558
494
275
1034
2319
3379
3592
2832
1545
486
278
1046
2331
3386
3589
2819
1530
480
283
1057
2344
3392
3586
2808
1517
472
285
1068
2359
3400
3582
2795
1503
465
289
1081
2372
3406
3578
2784
1490
458
293
1093
2386
3414
3574
2772
1477
451
296
1104
2400
3421
3570
2761
1464
444
301
1115
2412
3428
3567
2747
1451
437
305
1128
2424
3434
3562
2735
1438
431
308
1140
2438
3442
3560
2723
1425
424
313
1152
2451
3448
3554
2711
1412
418
317
1167
2466
3454
3550
2697
1397
410
321
1178
2478
3461
3545
2684
1385
405
327
1191
2491
3466
3541
2672
1372
399
330
1204
2505
3473
3536
2660
1359
393
335
1216
2517
3478
3531
2648
1345
388
340
1228
2532
3485
3526
2635
1333
382
345
1240
2544
3492
3521
2623
1318
376
350
1253
2557
3496
3517
2610
1306
372
355
1265
2570
3502
3511
2598
1293
366
361
1279
2584
3508
3506
2585
1281
361
367
1292
2597
3512
3501
2571
1266
356
372
1305
2610
3518
3495
2558
1254
349
377
1318
2622
3523
3490
2544
1241
345
383
1332
2634
3527
3483
2532
1229
339
388
1344
2648
3532
3477
2519
1216
333
394
1357
2659
3537
3472
2505
1204
329
401
1370
2671
3542
3466
2492
1191
325
406
1383
2684
3546
3459
2479
1180
321
413
1397
2696
3550
3454
2465
1167
316
419
1410
2710
3554
3448
2452
1154
311
425
1423
2721
3561
3442
2440
1141
307
432
1436
2733
3564
3434
2426
1129
302
438
1450
2745
3568
3427
2413
1116
299
445
1463
2760
3570
3421
2400
1104
296
451
1476
2770
3576
3414
2387
1094
291
459
1488
2783
3578
3406
2373
1081
288
466
1502
2795
3583
3400
2360
1070
285
472
1516
2808
3586
3393
2346
1057
282
480
1530
2819
3589
3386
2333
1044
278
487
1543
2832
3594
3379
2319
1032
275
495
1556
2843
3596
3373
2305
1021
272
501
1572
2856
3599
3364
2292
1008
269
509
1585
2867
3602
3357
2277
997
266
516
1598
2878
3604
3349
2265
986
264
524
1612
2889
3606
3341
2251
974
260
532
1626
2901
3610
3333
2235
964
258
540
1640
2912
3612
3325
2223
951
256
547
1653
2923
3614
3318
2209
941
253
557
1667
2935
3616
3309
2195
929
252
564
1681
2946
3618
3300
2181
917
250
572
1693
2958
3620
3293
2168
905
248
582
1708
2969
3622
3284
2155
895
247
590
1721
2980
3623
3276
2141
885
245
598
1735
2990
3625
3267
2127
873
244
607
1749
3001
3626
3258
2114
863
243
615
1764
3013
3628
3249
2099
853
240
624
1777
3023
3629
3242
2085
843
240
634
1791
3034
3630
3232
2072
830
237
643
1806
3044
3632
3222
2058
821
237
651
1819
3054
3632
3213
2044
809
236
660
1832
3064
3634
3205
2030
797
235
670
1847
3076
3635
3195
2016
788
234
680
1860
3086
3635
3185
2002
778
234
688
1875
3096
3635
3175
1988
768
234
699
1889
3106
3636
3165
1974
758
233
708
1903
3116
3635
3156
1960
748
233
718
1916
3127
3636
3146
1946
738
234
727
1930
3135
3636
3136
1934
728
232
737
1944
3145
3635
3128
1919
720
233
746
1957
3155
3635
3117
1905
710
234
756
1971
3164
3635
3108
1891
700
233
766
1984
3173
3635
3097
1878
691
235
777
1999
3183
3634
3087
1863
680
235
787
2014
3194
3634
3077
1849
672
234
797
2028
3203
3634
3066
1835
661
236
808
2042
3211
3632
3056
1822
652
237
819
2055
3221
3631
3045
1808
643
238
829
2068
3230
3630
3035
1793
634
239
841
2082
3241
3628
3025
1779
626
241
851
2097
3249
3628
3014
1767
617
241
861
2110
3257
3626
3002
1751
607
244
873
2125
3266
3624
2992
1737
598
245
883
2138
3275
3622
2981
1723
590
247
894
2152
3282
3621
2970
1710
582
249
905
2166
3292
3619
2958
1696
574
251
917
2178
3299
3618
2947
1683
564
252
927
2192
3309
3616
2935
1670
558
254
939
2206
3317
3614
2923
1656
548
256
950
2220
3325
3611
2913
1643
540
259
962
2234
3333
3610
2902
1628
532
261
973
2248
3341
3606
2890
1614
524
264
984
2262
3348
3604
2879
1601
517
266
996
2275
3356
3601
2868
1587
509
269
1007
2290
3363
3598
2857
1574
503
272
1018
2302
3372
3595
2845
1560
495
274
1031
2316
3378
3592
2833
1546
487
277
1044
2330
3385
3589
2821
1532
480
282
1055
2343
3392
3586
2809
1518
473
285
1067
2355
3399
3582
2797
1506
465
288
1079
2371
3406
3578
2785
1492
459
291
1092
2384
3412
3575
2773
1479
451
295
1102
2397
3420
3570
2762
1465
445
299
1114
2410
3428
3567
2749
1452
437
303
1126
2423
3434
3563
2736
1439
433
307
1138
2437
3442
3560
2725
1427
425
313
1152
2450
3447
3554
2711
1413
418
317
1164
2465
3454
3550
2698
1400
413
321
1177
2478
3460
3546
2685
1386
406
325
1189
2490
3466
3541
2673
1373
401
329
1203
2503
3472
3536
2661
1360
394
335
1214
2515
3478
3532
2649
1346
388
340
1226
2530
3484
3526
2637
1334
382
345
1238
2543
3492
3522
2624
1320
377
350
1251
2555
3495
3517
2611
1307
372
354
1263
2568
3501
3512
2599
1295
367
361
1277
2582
3506
3507
2586
1281
361
366
1289
2596
3512
3501
2573
1269
356
372
1303
2608
3518
3496
2559
1255
349
376
1316
2620
3522
3491
2546
1243
345
382
1330
2634
3527
3484
2533
1231
340
388
1343
2646
3531
3478
2521
1218
334
393
1355
2657
3536
3472
2507
1206
329
399
1369
2670
3541
3466
2494
1194
325
405
1381
2682
3545
3460
2481
1181
321
412
1395
2695
3550
3454
2468
1168
316
418
1409
2707
3554
3448
2454
1156
313
423
1421
2720
3560
3442
2441
1143
307
431
1435
2732
3564
3434
2428
1131
303
437
1449
2744
3568
3428
2415
1118
300
444
1461
2759
3570
3422
2402
1106
296
451
1474
2769
3575
3415
2388
1095
292
457
1487
2781
3578
3408
2375
1083
288
465
1500
2793
3582
3401
2362
1071
285
471
1515
2805
3586
3394
2347
1059
282
479
1528
2817
3588
3386
2335
1046
279
485
1542
2830
3592
3380
2321
1033
275
494
1555
2841
3595
3373
2307
1022
272
499
1571
2853
3598
3365
2294
1009
269
507
1584
2865
3601
3357
2280
998
266
515
1596
2877
3603
3349
2266
987
264
522
1610
2889
3606
3342
2252
976
261
530
1624
2900
3609
3333
2239
965
258
539
1638
2911
3612
3326
2224
953
256
546
1652
2922
3614
3317
2211
941
253
555
1665
2934
3616
3309
2197
931
253
564
1680
2944
3618
3301
2183
919
252
571
1692
2957
3619
3294
2171
907
248
580
1706
2967
3621
3285
2157
897
247
588
1719
2978
3622
3277
2143
885
245
597
1733
2989
3624
3268
2129
875
243
606
1747
2999
3626
3259
2115
864
242
615
1762
3011
3628
3251
2100
854
241
623
1775
3022
3629
3243
2086
843
239
632
1789
3032
3630
3234
2073
831
238
641
1804
3042
3631
3223
2060
821
237
650
1817
3054
3632
3215
2045
811
236
660
1831
3064
3634
3205
2031
800
236
670
1845
3075
3634
3196
2017
789
234
679
1859
3085
3635
3187
2004
779
234
688
1874
3096
3636
3177
1989
768
234
698
1887
3106
3635
3166
1976
758
233
706
1902
3115
3635
3157
1961
749
233
716
1915
3125
3635
3147
1948
739
233
726
1929
3134
3636
3138
1935
730
232
736
1942
3144
3636
3128
1920
720
233
745
1956
3153
3636
3119
1906
710
233
755
1969
3163
3636
3108
1893
702
234
765
1984
3172
3635
3098
1879
692
234
775
1996
3182
3635
3088
1864
682
235
785
2012
3192
3635
3078
1851
672
235
797
2026
3202
3633
3069
1837
663
236
806
2040
3211
3632
3058
1823
654
237
817
2053
3221
3631
3047
1810
646
238
827
2067
3229
3631
3036
1795
636
239
837
2081
3240
3629
3026
1782
627
241
849
2094
3248
3627
3015
1767
618
243
860
2110
3256
3626
3005
1751
608
243
871
2124
3266
3624
2993
1739
599
244
881
2137
3273
3623
2982
1725
591
246
892
2150
3281
3621
2971
1711
583
248
903
2164
3290
3619
2961
1699
574
252
915
2177
3298
3618
2949
1686
566
252
927
2191
3307
3616
2937
1671
558
254
938
2205
3316
3615
2925
1657
550
256
949
2218
3325
3612
2914
1644
542
257
960
2233
3332
3610
2903
1629
532
261
972
2246
3339
3607
2891
1617
526
263
982
2259
3347
3604
2881
1603
518
266
994
2273
3355
3602
2870
1589
510
269
1006
2288
3362
3598
2857
1575
503
272
1017
2301
3370
3596
2846
1562
496
274
1031
2314
3376
3593
2835
1548
488
278
1042
2328
3384
3590
2824
1534
481
281
1054
2341
3391
3587
2811
1520
473
284
1066
2355
3398
3583
2798
1507
466
287
1078
2369
3406
3580
2786
1494
459
291
1090
2382
3412
3576
2775
1481
453
295
1101
2396
3420
3571
2763
1466
446
299
1113
2408
3427
3568
2752
1454
439
303
1125
2422
3434
3564
2737
1441
433
306
1137
2435
3440
3560
2726
1428
425
312
1150
2448
3446
3554
2711
1414
419
316
1164
2462
3452
3552
2700
1401
413
321
1175
2476
3459
3546
2687
1388
406
325
1188
2488
3466
3542
2675
1373
401
329
1200
2501
3471
3538
2663
1362
395
334
1212
2514
3477
3533
2651
1349
389
339
1224
2528
3483
3527
2638
1336
383
343
1237
2541
3491
3522
2626
1321
377
349
1250
2554
3494
3518
2614
1309
372
353
1262
2567
3500
3513
2600
1297
367
359
1275
2580
3506
3508
2586
1281
361
366
1289
2594
3512
3502
2574
1269
356
372
1301
2606
3516
3497
2561
1257
350
375
1314
2619
3522
3492
2548
1245
344
381
1329
2632
3526
3485
2534
1232
341
387
1341
2645
3530
3479
2523
1220
335
393
1355
2656
3536
3473
2508
1207
330
399
1367
2668
3541
3467
2496
1194
325
405
1380
2681
3544
3461
2482
1182
321
411
1393
2693
3550
3454
2468
1168
317
417
1407
2707
3554
3449
2456
1156
313
423
1420
2718
3560
3442
2442
1144
309
430
1433
2729
3563
3436
2430
1132
304
437
1447
2742
3568
3429
2417
1120
301
444
1460
2757
3570
3422
2403
1108
296
449
1473
2768
3575
3416
2390
1096
293
457
1485
2780
3578
3409
2377
1085
289
464
1499
2792
3581
3402
2363
1072
285
471
1512
2804
3585
3395
2349
1061
283
478
1527
2816
3588
3388
2335
1048
279
485
1540
2829
3592
3381
2322
1034
276
493
1553
2841
3594
3373
2309
1023
272
499
1569
2852
3598
3366
2295
1013
270
506
1581
2863
3600
3358
2282
1000
267
514
1595
2875
3603
3351
2267
989
265
523
1608
2887
3606
3343
2254
978
261
530
1622
2897
3609
3335
2240
967
259
538
1636
2909
3611
3327
2225
954
257
546
1650
2921
3614
3319
2212
943
254
555
1663
2931
3615
3309
2199
933
253
563
1678
2942
3618
3302
2185
921
252
570
1691
2955
3619
3295
2172
909
249
579
1704
2966
3621
3285
2158
898
248
588
1718
2976
3622
3278
2144
888
246
596
1731
2987
3624
3269
2131
877
245
605
1745
2998
3625
3261
2117
866
243
614
1760
3010
3627
3252
2103
856
242
623
1774
3021
3628
3243
2088
845
240
632
1787
3030
3629
3234
2075
833
239
640
1802
3041
3630
3224
2061
823
238
650
1816
3052
3632
3215
2048
812
237
659
1829
3063
3633
3205
2033
803
236
669
1843
3072
3633
3196
2020
791
236
678
1858
3083
3634
3188
2004
781
235
688
1871
3093
3634
3177
1990
770
234
696
1885
3103
3635
3167
1977
761
234
706
1899
3113
3635
3158
1963
751
234
716
1913
3123
3635
3148
1950
741
233
726
1926
3132
3636
3139
1936
732
233
735
1939
3143
3636
3129
1923
723
234
745
1954
3152
3635
3119
1908
712
234
754
1967
3161
3635
3110
1895
704
234
764
1981
3170
3635
3099
1881
694
235
774
1996
3181
3634
3090
1867
683
235
785
2010
3189
3634
3080
1853
674
236
795
2025
3201
3633
3070
1839
664
236
805
2039
3209
3632
3058
1825
655
236
816
2052
3219
3631
3048
1811
646
239
826
2065
3228
3631
3038
1798
637
240
837
2079
3238
3629
3027
1783
628
241
848
2092
3247
3627
3017
1769
619
243
858
2108
3255
3627
3006
1755
610
243
869
2122
3264
3625
2994
1741
601
244
880
2135
3273
3623
2983
1727
592
247
890
2148
3281
3621
2972
1714
584
249
902
2162
3289
3619
2962
1700
576
251
913
2175
3297
3618
2950
1687
566
253
925
2190
3305
3616
2938
1673
558
254
937
2203
3314
3615
2927
1660
551
255
948
2216
3323
3612
2916
1646
543
259
959
2229
3331
3610
2905
1632
534
261
970
2244
3339
3607
2893
1618
527
263
982
2258
3346
3604
2882
1604
519
267
993
2271
3353
3602
2871
1590
512
269
1004
2287
3361
3599
2859
1577
504
272
1015
2299
3369
3595
2848
1564
497
274
1030
2312
3375
3593
2836
1550
489
278
1041
2326
3382
3590
2825
1536
481
280
1052
2339
3390
3586
2812
1523
475
285
1065
2355
3397
3583
2799
1509
467
288
1076
2367
3404
3579
2788
1496
461
291
1089
2380
3410
3576
2775
1482
454
296
1099
2394
3418
3571
2764
1468
448
299
1112
2407
3425
3568
2753
1455
441
303
1124
2421
3432
3564
2739
1443
433
307
1136
2433
3439
3560
2727
1430
427
313
1148
2446
3445
3554
2714
1417
421
315
1162
2460
3451
3551
2700
1401
413
320
1174
2474
3458
3546
2689
1389
407
325
1187
2486
3464
3542
2676
1376
402
329
1199
2499
3470
3538
2664
1363
396
334
1211
2513
3476
3532
2651
1350
390
339
1223
2527
3482
3528
2639
1337
383
343
1236
2540
3489
3523
2627
1323
378
348
1249
2552
3494
3519
2614
1310
373
353
1261
2566
3500
3513
2602
1297
368
360
1273
2578
3505
3508
2589
1285
363
365
1287
2592
3510
3503
2575
1271
357
370
1299
2605
3515
3498
2563
1258
351
375
1314
2618
3520
3493
2549
1246
346
381
1328
2630
3526
3486
2536
1234
341
387
1340
2642
3530
3480
2525
1221
336
393
1353
2654
3535
3474
2510
1209
331
398
1366
2667
3540
3468
2497
1196
327
404
1378
2679
3544
3462
2484
1184
321
410
1391
2691
3548
3456
2470
1171
317
417
1405
2704
3554
3450
2457
1159
313
422
1419
2716
3559
3444
2444
1145
309
429
1432
2728
3562
3437
2431
1134
305
436
1445
2741
3566
3430
2419
1122
301
443
1458
2756
3570
3423
2404
1109
297
449
1470
2766
3574
3416
2391
1097
294
457
1484
2779
3577
3409
2378
1086
289
463
1498
2790
3581
3402
2365
1075
286
470
1512
2802
3584
3395
2351
1062
283
478
1525
2814
3587
3388
2337
1048
280
485
1538
2825
3590
3381
2324
1036
277
491
1552
2839
3594
3373
2310
1025
273
499
1567
2849
3597
3367
2297
1013
270
506
1580
2862
3600
3359
2284
1001
268
514
1594
2874
3602
3352
2268
990
266
522
1606
2885
3605
3344
2255
979
262
529
1620
2896
3608
3337
2241
968
259
538
1634
2908
3610
3328
2227
956
257
545
1649
2919
3612
3321
2213
945
254
554
1662
2930
3614
3312
2200
933
253
562
1676
2942
3617
3302
2186
923
252
570
1690
2953
3619
3295
2174
910
249
578
1702
2965
3621
3287
2159
899
248
587
1716
2974
3622
3279
2146
888
246
595
1730
2986
3623
3270
2132
877
244
604
1743
2997
3625
3262
2118
867
243
612
1759
3009
3627
3253
2106
857
242
621
1771
3019
3628
3245
2090
846
239
630
1786
3030
3629
3235
2076
834
239
639
1801
3040
3631
3225
2064
824
237
648
1814
3051
3631
3216
2049
813
237
657
1827
3062
3633
3207
2035
803
237
666
1841
3072
3634
3198
2020
792
235
676
1855
3082
3634
3189
2008
782
235
686
1870
3092
3635
3178
1993
771
234
696
1883
3102
3635
3169
1978
761
233
705
1898
3112
3635
3160
1965
752
234
715
1911
3122
3635
3150
1952
742
233
724
1925
3131
3636
3140
1937
733
233
734
1937
3141
3636
3130
1925
723
233
743
1952
3151
3635
3121
1910
714
234
753
1966
3160
3635
3112
1897
704
234
763
1980
3169
3635
3101
1883
694
235
773
1994
3179
3634
3091
1869
685
235
783
2008
3189
3634
3081
1855
676
236
794
2023
3199
3633
3070
1840
665
236
804
2037
3208
3633
3060
1827
656
236
814
2050
3218
3631
3050
1813
648
238
825
2064
3227
3630
3038
1799
638
239
835
2078
3238
3629
3028
1785
629
240
847
2091
3246
3627
3018
1771
620
242
857
2106
3254
3627
3008
1756
613
243
868
2120
3263
3625
2996
1742
602
244
879
2134
3272
3623
2985
1729
593
247
889
2147
3280
3622
2974
1715
585
248
901
2160
3289
3620
2963
1702
577
250
911
2174
3297
3618
2950
1688
568
252
923
2188
3305
3617
2939
1675
558
253
935
2201
3313
3615
2928
1662
551
255
947
2215
3322
3613
2917
1648
544
257
957
2229
3329
3610
2906
1634
535
260
969
2242
3339
3608
2895
1620
528
263
981
2256
3346
3604
2883
1606
520
265
991
2269
3353
3602
2873
1592
513
268
1002
2285
3360
3599
2861
1579
505
271
1014
2298
3369
3596
2849
1566
497
274
1027
2311
3374
3594
2837
1552
491
277
1039
2326
3382
3590
2825
1538
483
280
1051
2338
3389
3587
2813
1524
475
284
1063
2353
3396
3584
2801
1510
468
287
1075
2366
3403
3580
2789
1497
461
290
1087
2379
3410
3577
2778
1483
455
294
1099
2392
3417
3573
2766
1470
449
298
1110
2406
3425
3569
2754
1457
441
302
1122
2419
3432
3565
2741
1444
433
307
1134
2432
3438
3561
2729
1432
427
311
1146
2445
3445
3554
2715
1418
421
313
1160
2458
3451
3553
2702
1405
415
320
1172
2472
3458
3546
2691
1390
408
324
1185
2485
3464
3542
2678
1377
402
329
1197
2498
3470
3539
2665
1365
396
333
1210
2511
3475
3534
2652
1353
390
339
1222
2526
3482
3528
2641
1339
384
343
1234
2538
3488
3523
2628
1326
379
348
1247
2551
3494
3519
2616
1312
373
353
1260
2564
3499
3513
2603
1299
369
360
1272
2576
3504
3509
2590
1287
364
364
1285
2591
3510
3504
2577
1272
357
370
1297
2602
3515
3498
2564
1260
352
374
1312
2617
3520
3493
2551
1247
346
380
1325
2629
3525
3486
2538
1235
342
386
1339
2640
3530
3480
2526
1223
337
391
1351
2652
3534
3474
2511
1211
332
397
1363
2666
3540
3468
2499
1198
327
404
1376
2678
3544
3462
2485
1186
322
409
1390
2689
3548
3457
2472
1172
318
416
1401
2703
3553
3450
2460
1160
313
422
1417
2715
3558
3444
2446
1147
309
427
1430
2726
3562
3438
2433
1136
305
433
1443
2739
3566
3432
2420
1124
301
441
1456
2754
3570
3424
2406
1111
297
449
1469
2765
3574
3418
2394
1098
293
455
1483
2777
3578
3410
2380
1088
290
463
1496
2789
3580
3404
2367
1076
286
469
1510
2801
3584
3396
2354
1063
283
476
1523
2813
3587
3389
2339
1050
281
483
1536
2825
3590
3382
2326
1038
277
491
1550
2837
3594
3375
2312
1026
273
498
1564
2849
3597
3367
2298
1015
270
505
1578
2861
3600
3360
2286
1003
268
513
1591
2872
3602
3353
2271
992
265
520
1605
2884
3605
3344
2257
980
262
528
1619
2894
3607
3337
2243
969
260
536
1633
2906
3610
3329
2229
957
257
544
1646
2918
3613
3321
2216
946
255
552
1659
2929
3615
3313
2203
935
253
561
1674
2940
3616
3305
2187
924
252
568
1688
2950
3618
3296
2175
913
249
577
1700
2963
3620
3289
2161
901
248
585
1714
2974
3622
3280
2148
890
246
594
1727
2984
3624
3272
2134
879
244
602
1742
2995
3626
3263
2120
868
243
611
1756
3008
3626
3255
2107
857
242
620
1770
3018
3628
3247
2092
848
240
628
1784
3028
3629
3237
2078
835
239
638
1800
3039
3631
3227
2065
825
238
646
1811
3050
3632
3218
2050
815
237
656
1826
3060
3633
3207
2036
804
236
664
1839
3070
3634
3199
2022
793
235
675
1854
3081
3635
3189
2009
784
234
684
1867
3091
3635
3179
1995
773
234
694
1883
3101
3635
3170
1980
762
234
704
1895
3112
3636
3161
1967
753
233
713
1909
3121
3635
3152
1952
743
234
723
1923
3130
3636
3141
1939
734
232
732
1936
3140
3635
3131
1926
724
233
741
1951
3150
3636
3123
1911
714
233
751
1964
3160
3635
3113
1897
705
233
761
1977
3169
3635
3103
1885
696
234
771
1992
3177
3634
3093
1871
686
236
782
2006
3189
3634
3083
1857
677
236
792
2021
3198
3634
3070
1842
668
236
803
2035
3207
3633
3061
1828
657
237
813
2049
3217
3632
3050
1814
648
237
824
2062
3226
3631
3040
1802
639
239
834
2076
3236
3630
3030
1787
630
240
845
2089
3245
3628
3019
1773
621
242
856
2102
3253
3627
3010
1759
614
243
867
2118
3262
3625
2998
1743
603
244
878
2132
3270
3623
2986
1730
594
246
888
2146
3280
3622
2974
1716
586
248
899
2159
3287
3620
2964
1704
578
250
910
2172
3295
3618
2953
1690
570
252
922
2186
3303
3617
2940
1677
562
253
933
2199
3313
3615
2930
1664
552
255
945
2213
3321
3613
2919
1649
545
258
957
2226
3328
3610
2906
1636
537
260
968
2241
3337
3607
2896
1621
528
262
979
2255
3344
3605
2886
1607
521
265
990
2268
3353
3602
2874
1594
513
268
1001
2283
3359
3599
2862
1581
506
270
1013
2295
3367
3596
2851
1568
498
274
1027
2310
3374
3594
2840
1553
491
277
1038
2323
3382
3590
2827
1541
483
280
1050
2336
3388
3587
2815
1526
477
283
1062
2349
3395
3585
2803
1512
469
287
1073
2363
3404
3580
2791
1498
462
290
1085
2377
3409
3576
2779
1486
456
294
1097
2391
3417
3572
2767
1472
449
298
1108
2405
3424
3569
2756
1459
441
302
1120
2417
3432
3566
2743
1446
433
306
1133
2430
3437
3562
2729
1433
427
310
1145
2443
3445
3558
2718
1420
422
313
1156
2456
3450
3554
2705
1407
415
318
1170
2470
3456
3548
2691
1393
408
324
1183
2483
3463
3544
2680
1380
403
327
1195
2496
3469
3539
2667
1367
397
332
1208
2509
3475
3534
2655
1354
391
337
1220
2524
3481
3529
2643
1340
385
342
1232
2536
3488
3524
2631
1328
380
347
1245
2549
3493
3519
2618
1314
374
352
1257
2562
3498
3514
2605
1301
369
358
1270
2574
3504
3510
2592
1289
364
364
1284
2589
3510
3505
2579
1274
358
370
1297
2602
3514
3499
2567
1261
352
373
1310
2614
3519
3493
2552
1249
346
379
1323
2626
3524
3489
2540
1237
342
385
1337
2640
3528
3482
2527
1224
337
390
1349
2651
3535
3475
2514
1212
332
397
1362
2664
3539
3469
2500
1200
328
403
1375
2675
3542
3463
2487
1188
324
408
1389
2688
3547
3457
2473
1174
319
415
1401
2700
3553
3450
2460
1162
313
421
1415
2713
3558
3446
2448
1148
309
427
1428
2726
3562
3438
2435
1136
305
433
1441
2738
3566
3432
2420
1124
301
441
1455
2752
3569
3425
2408
1112
298
448
1468
2764
3572
3418
2395
1099
294
455
1481
2776
3577
3411
2382
1089
290
461
1494
2787
3581
3405
2369
1077
287
467
1508
2800
3584
3397
2355
1065
284
475
1521
2812
3587
3390
2341
1052
280
482
1535
2825
3590
3383
2327
1041
277
490
1548
2836
3594
3375
2314
1028
273
497
1561
2847
3596
3369
2300
1016
270
503
1576
2859
3600
3361
2287
1004
268
512
1590
2871
3602
3354
2272
992
265
519
1603
2882
3605
3346
2259
982
263
527
1617
2893
3608
3339
2245
970
260
535
1632
2906
3610
3331
2232
958
257
543
1644
2917
3613
3323
2218
947
255
551
1658
2927
3615
3314
2204
936
253
558
1672
2938
3617
3307
2190
925
252
568
1686
2950
3618
3297
2175
913
250
576
1699
2962
3620
3289
2163
902
248
584
1713
2973
3622
3281
2150
891
246
592
1726
2983
3623
3273
2136
880
244
602
1740
2994
3624
3264
2122
870
243
610
1754
3007
3626
3255
2109
858
242
619
1768
3016
3628
3248
2094
848
240
628
1782
3027
3629
3238
2080
837
239
636
1797
3038
3631
3228
2066
827
237
645
1811
3048
3632
3219
2052
815
236
655
1824
3058
3632
3209
2038
805
236
664
1838
3069
3634
3200
2025
796
235
672
1851
3080
3635
3189
2011
785
234
683
1865
3089
3635
3181
1996
774
234
692
1879
3100
3635
3171
1982
764
233
703
1895
3110
3635
3161
1968
754
233
712
1908
3120
3636
3153
1954
745
233
721
1921
3129
3637
3143
1941
736
232
731
1935
3138
3636
3132
1928
725
233
741
1949
3149
3636
3124
1914
716
234
750
1963
3157
3636
3114
1900
706
234
760
1976
3167
3635
3104
1887
696
234
770
1990
3177
3635
3094
1871
687
235
780
2004
3187
3634
3084
1859
678
236
790
2020
3197
3634
3074
1844
668
236
801
2034
3205
3634
3062
1830
659
237
812
2047
3215
3632
3052
1816
649
237
823
2061
3225
3631
3041
1803
640
238
832
2074
3235
3629
3031
1789
631
240
845
2087
3244
3628
3020
1775
623
242
856
2101
3252
3627
3010
1761
615
242
865
2116
3261
3626
2998
1747
604
244
875
2130
3269
3624
2988
1733
595
246
886
2143
3278
3622
2977
1719
587
248
897
2158
3286
3620
2966
1706
579
250
908
2171
3295
3619
2955
1691
571
252
920
2184
3303
3617
2942
1679
562
253
933
2198
3312
3616
2930
1665
554
254
943
2211
3320
3613
2920
1651
546
257
954
2225
3327
3611
2908
1638
538
260
966
2239
3336
3608
2897
1623
529
262
978
2251
3343
3605
2887
1609
522
264
988
2267
3351
3602
2875
1596
514
268
1000
2282
3358
3600
2864
1583
508
270
1012
2294
3365
3597
2853
1570
499
273
1025
2308
3373
3594
2841
1556
492
276
1035
2322
3380
3591
2829
1542
484
279
1048
2335
3387
3588
2816
1526
477
283
1060
2348
3394
3585
2804
1514
469
286
1071
2363
3402
3581
2792
1500
463
290
1083
2375
3408
3577
2781
1487
456
294
1096
2389
3415
3574
2768
1474
449
297
1107
2403
3422
3570
2758
1460
441
301
1119
2416
3431
3566
2743
1448
436
305
1130
2429
3438
3562
2732
1434
429
309
1144
2442
3444
3558
2719
1422
422
313
1156
2454
3450
3554
2707
1408
417
317
1170
2469
3456
3549
2694
1394
409
323
1181
2482
3462
3543
2682
1381
403
328
1194
2496
3468
3540
2669
1369
398
332
1206
2507
3474
3535
2656
1355
392
337
1220
2523
3480
3530
2645
1341
386
342
1231
2535
3488
3525
2632
1329
380
346
1244
2548
3493
3520
2619
1315
374
352
1256
2560
3498
3515
2607
1303
370
358
1269
2574
3503
3510
2594
1289
365
363
1281
2586
3508
3505
2580
1276
358
368
1295
2601
3514
3500
2568
1263
353
373
1309
2613
3519
3494
2554
1251
347
378
1321
2625
3524
3490
2541
1238
343
383
1336
2637
3529
3482
2528
1226
337
390
1348
2650
3534
3476
2515
1213
333
396
1360
2662
3538
3470
2502
1201
329
401
1373
2675
3542
3464
2489
1189
324
407
1386
2687
3547
3458
2475
1175
319
413
1400
2699
3552
3452
2462
1163
313
420
1414
2712
3558
3446
2449
1150
311
426
1426
2723
3561
3440
2436
1138
306
433
1439
2736
3566
3433
2422
1127
301
440
1453
2751
3569
3426
2410
1114
298
447
1466
2763
3572
3418
2397
1101
295
453
1479
2774
3577
3413
2384
1089
289
460
1492
2786
3580
3405
2371
1079
287
467
1506
2797
3583
3398
2355
1067
284
475
1520
2810
3587
3391
2343
1054
281
481
1533
2822
3590
3384
2329
1042
277
488
1546
2835
3594
3376
2316
1029
274
496
1560
2846
3597
3370
2302
1017
271
503
1575
2858
3599
3363
2289
1005
269
511
1588
2869
3602
3355
2274
994
266
518
1602
2881
3605
3347
2261
982
263
526
1616
2891
3607
3339
2247
972
260
534
1629
2904
3610
3332
2233
960
258
542
1642
2915
3612
3323
2219
949
255
550
1657
2926
3615
3315
2206
937
253
558
1670
2938
3617
3308
2191
925
252
566
1684
2948
3619
3298
2178
915
250
574
1697
2960
3620
3290
2165
904
248
582
1711
2972
3622
3281
2152
893
246
591
1724
2982
3623
3273
2138
882
245
600
1739
2993
3625
3265
2125
871
243
609
1751
3005
3627
3256
2110
860
242
617
1767
3015
3628
3248
2095
849
240
627
1781
3025
3630
3239
2081
839
239
636
1795
3036
3630
3229
2068
828
238
644
1810
3046
3631
3220
2054
817
237
653
1822
3058
3633
3211
2040
806
236
662
1835
3068
3634
3201
2027
797
235
672
1849
3079
3635
3193
2012
786
234
683
1864
3088
3635
3182
1996
775
235
691
1879
3099
3635
3173
1984
765
233
701
1893
3109
3635
3163
1969
756
233
710
1906
3118
3636
3154
1956
745
233
720
1919
3128
3636
3144
1943
737
233
730
1934
3137
3636
3134
1930
726
232
738
1947
3147
3636
3125
1915
717
234
749
1961
3157
3636
3115
1902
707
233
759
1975
3166
3635
3104
1887
698
234
769
1988
3176
3634
3095
1873
688
234
778
2002
3187
3634
3085
1859
679
236
789
2018
3197
3634
3075
1846
670
236
800
2032
3205
3633
3063
1831
660
236
811
2046
3214
3632
3053
1818
651
237
821
2058
3223
3632
3043
1805
642
238
831
2072
3233
3629
3032
1789
633
240
843
2085
3244
3628
3022
1776
624
242
854
2099
3251
3628
3011
1763
616
242
864
2114
3261
3626
3000
1748
606
244
875
2128
3268
3624
2989
1734
597
246
886
2142
3277
3623
2978
1719
588
248
896
2156
3285
3621
2966
1707
580
250
907
2169
3294
3619
2956
1693
572
252
917
2182
3301
3618
2943
1680
563
253
931
2196
3309
3615
2933
1666
554
254
943
2209
3319
3613
2922
1653
546
256
953
2223
3327
3611
2910
1639
538
259
965
2235
3335
3609
2899
1625
530
261
976
2251
3342
3606
2888
1610
522
263
987
2265
3351
3603
2877
1597
515
267
998
2279
3358
3600
2865
1584
508
269
1009
2293
3365
3598
2855
1571
499
273
1022
2306
3373
3594
2842
1556
493
276
1035
2320
3379
3591
2831
1543
485
279
1047
2333
3387
3588
2817
1529
478
282
1059
2346
3393
3586
2805
1514
471
285
1071
2361
3402
3582
2794
1502
464
289
1083
2374
3408
3578
2781
1488
457
293
1094
2387
3415
3574
2770
1475
450
297
1106
2401
3422
3570
2759
1462
443
301
1118
2414
3430
3566
2745
1449
436
305
1130
2427
3437
3564
2733
1435
429
309
1142
2441
3443
3558
2721
1423
423
313
1155
2454
3450
3554
2709
1409
417
317
1169
2466
3456
3549
2695
1395
410
321
1180
2480
3462
3544
2683
1382
404
326
1192
2494
3467
3541
2671
1369
397
331
1205
2506
3474
3536
2658
1357
392
335
1217
2521
3479
3531
2646
1342
387
341
1229
2533
3486
3526
2634
1331
381
346
1242
2546
3493
3521
2621
1317
375
351
1254
2559
3498
3516
2608
1305
371
356
1267
2571
3503
3510
2596
1291
364
362
1281
2586
3508
3506
2582
1278
360
368
1293
2599
3513
3500
2570
1265
355
373
1307
2611
3518
3494
2556
1252
348
378
1319
2624
3523
3490
2543
1240
344
383
1334
2636
3528
3483
2530
1228
339
389
1346
2650
3533
3477
2516
1216
333
395
1359
2661
3538
3471
2504
1203
329
401
1372
2673
3542
3465
2490
1190
324
407
1385
2685
3546
3459
2477
1179
320
413
1399
2698
3552
3453
2464
1164
315
419
1411
2710
3557
3448
2451
1151
311
425
1425
2722
3561
3441
2438
1140
306
433
1438
2735
3565
3434
2424
1127
302
438
1452
2746
3569
3427
2411
1115
298
446
1464
2762
3571
3420
2398
1103
295
453
1478
2773
3576
3413
2386
1091
291
460
1490
2785
3580
3406
2371
1080
287
466
1504
2796
3584
3399
2358
1068
284
473
1518
2809
3587
3392
2344
1055
281
481
1531
2821
3589
3385
2331
1042
277
488
1545
2833
3593
3378
2317
1030
274
495
1558
2845
3596
3371
2303
1020
271
502
1573
2857
3599
3364
2291
1007
268
510
1587
2869
3602
3355
2275
996
266
517
1600
2880
3604
3348
2263
984
263
525
1614
2890
3607
3341
2249
973
260
533
1626
2902
3610
3333
2235
961
258
541
1642
2914
3611
3325
2221
950
255
548
1655
2925
3615
3317
2207
939
253
558
1669
2936
3617
3309
2194
928
252
565
1682
2948
3618
3299
2179
917
250
574
1695
2958
3620
3292
2166
905
249
582
1708
2970
3622
3283
2152
894
246
590
1722
2981
3623
3276
2140
883
244
599
1736
2991
3625
3266
2126
872
243
607
1751
3004
3626
3258
2112
861
242
616
1765
3014
3628
3249
2098
852
240
625
1779
3024
3629
3240
2083
841
240
635
1794
3035
3631
3230
2070
829
238
643
1808
3044
3631
3221
2057
819
237
652
1820
3056
3633
3212
2042
808
236
661
1833
3067
3634
3203
2028
797
236
672
1848
3078
3635
3193
2014
787
233
680
1863
3087
3635
3183
2000
777
233
690
1877
3098
3635
3174
1985
765
233
700
1890
3108
3636
3165
1972
756
233
709
1904
3117
3635
3155
1958
746
233
718
1918
3127
3635
3145
1944
737
233
728
1931
3136
3637
3135
1932
728
233
738
1945
3146
3636
3126
1917
718
233
748
1959
3156
3636
3116
1903
708
233
757
1972
3165
3636
3106
1890
699
233
768
1986
3175
3635
3096
1876
690
234
778
2000
3185
3634
3086
1861
680
235
787
2016
3195
3634
3076
1847
671
236
797
2030
3205
3634
3066
1833
660
236
809
2044
3213
3632
3055
1819
652
237
819
2057
3223
3631
3044
1807
643
239
830
2071
3233
3630
3034
1791
634
240
841
2084
3242
3628
3023
1778
625
241
853
2098
3249
3627
3012
1765
617
242
863
2113
3259
3626
3000
1750
606
244
874
2126
3267
3624
2990
1735
598
246
884
2141
3275
3622
2980
1722
590
248
895
2154
3283
3620
2968
1708
582
249
905
2168
3292
3619
2957
1695
574
252
917
2181
3301
3618
2945
1681
564
253
931
2194
3309
3615
2933
1668
557
255
941
2207
3317
3614
2922
1654
548
257
953
2221
3325
3610
2911
1641
540
260
964
2235
3333
3608
2900
1627
531
262
974
2249
3342
3605
2889
1612
524
265
985
2263
3349
3603
2878
1599
516
268
997
2277
3356
3600
2866
1586
510
271
1009
2292
3363
3597
2855
1572
501
273
1020
2304
3372
3594
2843
1558
495
276
1033
2318
3378
3592
2832
1545
487
279
1046
2331
3385
3588
2819
1531
480
283
1057
2345
3392
3585
2807
1517
472
286
1070
2359
3399
3581
2795
1504
465
289
1082
2371
3406
3578
2783
1491
458
293
1093
2386
3414
3574
2771
1477
451
297
1104
2399
3421
3570
2761
1464
444
301
1117
2412
3428
3566
2746
1450
437
305
1128
2425
3434
3562
2735
1437
431
309
1142
2438
3441
3558
2723
1424
424
313
1154
2452
3448
3554
2709
1411
418
317
1168
2466
3454
3550
2696
1397
411
323
1180
2478
3461
3544
2684
1384
405
327
1192
2492
3467
3540
2672
1371
399
331
1204
2505
3473
3536
2659
1359
393
336
1217
2517
3478
3531
2647
1344
388
340
1228
2532
3485
3526
2635
1332
381
345
1240
2545
3492
3520
2622
1318
375
351
1253
2557
3496
3517
2610
1305
372
356
1266
2570
3502
3511
2598
1293
366
362
1279
2582
3507
3506
2585
1281
360
368
1291
2598
3512
3501
2571
1266
356
373
1305
2610
3518
3495
2558
1253
349
377
1318
2622
3522
3491
2544
1241
344
383
1332
2634
3527
3483
2531
1229
339
388
1344
2648
3532
3477
2519
1217
334
394
1357
2659
3538
3472
2505
1204
329
401
1370
2671
3542
3466
2492
1192
325
406
1384
2683
3546
3459
2479
1180
321
413
1397
2696
3550
3452
2465
1167
317
420
1411
2710
3554
3448
2452
1154
312
425
1423
2721
3560
3441
2439
1141
307
432
1437
2733
3564
3434
2425
1129
303
439
1451
2745
3568
3426
2413
1117
300
446
1463
2759
3570
3421
2400
1104
296
453
1476
2771
3576
3414
2387
1094
291
459
1489
2784
3578
3407
2373
1081
288
466
1502
2795
3582
3399
2359
1070
285
473
1516
2808
3586
3392
2345
1057
282
480
1530
2819
3588
3385
2332
1042
277
488
1544
2831
3593
3378
2319
1031
275
495
1557
2843
3595
3372
2305
1020
272
501
1572
2855
3598
3363
2292
1007
269
509
1585
2867
3601
3357
2277
997
267
517
1599
2878
3603
3349
2264
985
265
525
1612
2889
3606
3341
2251
975
260
532
1626
2901
3609
3333
2235
964
259
541
1640
2912
3612
3325
2223
951
256
548
1654
2923
3614
3317
2208
941
254
558
1667
2935
3616
3309
2195
929
252
564
1681
2946
3618
3299
2181
917
251
573
1694
2958
3619
3293
2168
905
248
581
1708
2969
3621
3284
2154
895
247
590
1721
2979
3623
3276
2141
885
245
598
1735
2990
3625
3266
2127
874
244
606
1750
3001
3626
3259
2113
863
243
616
1764
3012
3627
3249
2099
852
240
624
1777
3023
3629
3242
2085
842
239
633
1791
3033
3630
3231
2071
831
238
642
1805
3043
3631
3222
2058
821
237
651
1819
3054
3632
3213
2045
809
236
660
1832
3064
3633
3204
2030
797
236
670
1846
3076
3634
3194
2016
788
234
680
1861
3086
3634
3185
2002
778
234
689
1875
3096
3635
3175
1987
768
234
699
1889
3107
3635
3165
1973
758
233
708
1903
3116
3635
3156
1959
748
234
719
1916
3126
3635
3146
1946
739
234
728
1929
3134
3636
3136
1934
730
233
737
1943
3145
3636
3127
1919
720
233
747
1958
3155
3635
3117
1904
710
234
756
1970
3164
3635
3107
1891
701
234
766
1985
3173
3635
3097
1877
691
235
777
2000
3183
3633
3087
1863
682
236
786
2014
3193
3634
3078
1849
672
236
797
2028
3202
3633
3066
1835
661
236
808
2043
3211
3632
3056
1821
653
236
819
2054
3221
3631
3045
1808
644
238
829
2069
3230
3630
3034
1793
635
240
841
2082
3240
3629
3025
1779
626
241
852
2096
3249
3628
3013
1766
617
242
862
2110
3257
3626
3002
1751
608
244
873
2125
3266
3624
2992
1737
598
245
883
2138
3274
3623
2981
1723
591
247
893
2153
3282
3621
2970
1710
582
249
905
2165
3291
3619
2958
1696
574
251
917
2179
3300
3618
2947
1683
566
253
929
2192
3309
3616
2936
1669
557
253
940
2207
3317
3614
2923
1656
548
256
951
2220
3325
3611
2912
1642
540
259
962
2235
3333
3609
2901
1628
532
261
973
2247
3341
3606
2890
1615
524
264
985
2262
3348
3604
2879
1600
516
267
996
2275
3356
3601
2868
1587
509
269
1007
2290
3363
3598
2857
1573
502
272
1018
2303
3371
3594
2845
1560
496
275
1031
2316
3377
3592
2833
1546
487
278
1044
2330
3385
3589
2821
1532
481
282
1056
2343
3391
3586
2809
1518
473
284
1067
2355
3399
3582
2797
1506
466
289
1079
2371
3406
3578
2785
1492
459
292
1092
2384
3412
3576
2773
1479
453
296
1103
2398
3420
3570
2761
1465
445
301
1115
2410
3427
3567
2748
1452
439
304
1127
2423
3434
3562
2736
1439
433
308
1139
2437
3440
3560
2723
1427
425
312
1152
2450
3447
3554
2711
1413
419
317
1166
2464
3454
3550
2698
1399
413
321
1177
2477
3460
3545
2685
1386
406
326
1190
2490
3466
3541
2673
1373
400
330
1202
2503
3471
3536
2661
1359
395
335
1215
2515
3478
3531
2649
1346
389
341
1226
2530
3484
3526
2636
1335
382
345
1239
2542
3491
3521
2623
1320
377
350
1252
2556
3495
3517
2611
1308
372
356
1264
2569
3501
3512
2599
1294
367
361
1278
2582
3506
3506
2586
1281
362
366
1291
2596
3511
3501
2572
1268
356
372
1303
2608
3518
3496
2559
1255
349
377
1317
2621
3522
3491
2545
1243
345
382
1331
2634
3526
3484
2533
1231
340
388
1343
2646
3531
3478
2521
1218
334
394
1356
2658
3537
3472
2506
1205
330
400
1369
2670
3542
3466
2494
1193
325
406
1382
2682
3546
3460
2481
1181
321
412
1395
2695
3550
3453
2467
1168
317
418
1409
2707
3554
3448
2454
1156
313
424
1421
2719
3560
3442
2441
1143
307
431
1435
2731
3564
3434
2427
1130
303
437
1449
2744
3568
3428
2414
1117
301
444
1461
2759
3570
3422
2401
1106
296
451
1474
2770
3575
3414
2388
1095
292
457
1488
2781
3578
3407
2375
1083
288
465
1500
2793
3582
3401
2361
1071
285
473
1515
2806
3585
3393
2347
1059
282
479
1528
2817
3588
3387
2334
1046
279
486
1542
2830
3592
3380
2321
1033
275
494
1555
2841
3594
3373
2306
1022
273
500
1570
2853
3598
3365
2294
1009
269
508
1583
2865
3601
3357
2280
998
267
515
1597
2876
3603
3349
2265
986
265
523
1610
2888
3606
3342
2251
976
261
531
1626
2899
3609
3334
2238
965
259
539
1638
2910
3610
3326
2224
952
256
547
1652
2921
3613
3317
2210
941
254
556
1665
2933
3616
3309
2196
931
253
564
1680
2943
3618
3301
2182
920
252
571
1692
2956
3619
3294
2170
907
249
580
1706
2966
3621
3285
2157
897
247
589
1719
2978
3623
3277
2143
886
245
597
1733
2989
3624
3268
2129
875
244
606
1747
3000
3625
3260
2116
865
243
614
1762
3011
3627
3250
2100
854
241
624
1775
3022
3630
3242
2086
843
241
632
1789
3032
3630
3234
2074
831
239
641
1804
3042
3631
3223
2060
821
238
650
1817
3053
3632
3214
2046
811
236
660
1831
3064
3633
3205
2031
801
236
670
1844
3074
3634
3195
2018
790
235
679
1859
3084
3635
3187
2003
780
234
688
1874
3096
3635
3176
1989
769
234
696
1887
3104
3636
3166
1976
759
233
707
1901
3114
3636
3158
1962
749
233
717
1915
3125
3635
3147
1947
739
234
726
1928
3134
3636
3137
1935
730
233
736
1941
3144
3635
3128
1920
720
233
745
1956
3153
3636
3119
1907
711
234
755
1970
3162
3636
3109
1893
702
234
765
1983
3173
3635
3099
1879
692
234
776
1996
3182
3634
3089
1865
682
235
785
2012
3192
3634
3078
1851
672
236
797
2026
3202
3634
3069
1837
663
236
805
2041
3211
3633
3058
1823
654
237
817
2053
3221
3632
3046
1810
644
238
828
2067
3229
3631
3036
1795
636
239
838
2081
3239
3629
3026
1781
627
241
850
2094
3248
3627
3015
1767
618
242
860
2110
3257
3626
3005
1754
609
244
870
2124