3349
2264
985
264
523
1610
2888
3604
3340
2250
975
261
530
1623
2898
3607
3333
2237
964
259
538
1637
2910
3609
3324
2222
951
256
546
1649
2921
3612
3317
2209
940
254
556
1664
2932
3614
3307
2195
930
253
564
1679
2943
3615
3299
2181
919
252
572
1690
2955
3617
3291
2168
906
249
580
1705
2966
3618
3283
2154
896
247
588
1718
2977
3621
3275
2141
885
245
597
1732
2988
3622
3267
2127
874
243
606
1746
2999
3624
3258
2114
864
242
613
1761
3010
3625
3249
2099
853
240
622
1774
3021
3627
3241
2085
843
239
631
1787
3031
3628
3231
2071
831
238
640
1802
3041
3629
3221
2058
820
237
649
1816
3052
3630
3213
2044
810
236
659
1829
3062
3631
3203
2031
799
236
668
1843
3073
3633
3194
2017
788
235
677
1858
3082
3633
3185
2003
779
234
687
1872
3093
3633
3175
1987
767
233
696
1886
3103
3633
3165
1974
758
233
705
1900
3113
3634
3155
1960
748
233
715
1913
3123
3634
3145
1947
738
233
725
1927
3131
3635
3136
1934
729
233
735
1939
3142
3635
3127
1920
720
232
744
1955
3151
3634
3118
1906
710
233
753
1967
3161
3634
3107
1893
701
234
764
1982
3171
3633
3097
1878
691
234
774
1995
3180
3633
3088
1864
682
235
784
2011
3191
3633
3078
1850
671
234
794
2024
3199
3632
3068
1836
662
236
805
2038
3209
3631
3057
1822
653
236
816
2051
3218
3630
3046
1809
644
238
826
2064
3227
3628
3035
1795
636
239
836
2079
3238
3627
3025
1781
626
241
849
2092
3246
3626
3015
1766
618
242
858
2108
3255
3625
3005
1753
608
242
869
2122
3263
3623
2992
1738
599
245
880
2135
3272
3621
2981
1724
591
247
891
2148
3280
3620
2971
1711
582
248
902
2162
3288
3618
2959
1697
574
251
914
2175
3297
3616
2948
1686
566
252
924
2189
3307
3614
2937
1671
558
254
937
2203
3314
3613
2925
1658
549
256
948
2216
3322
3610
2913
1644
541
258
959
2231
3330
3608
2902
1632
532
261
970
2244
3338
3604
2890
1617
525
263
981
2257
3346
3602
2880
1603
518
266
993
2271
3353
3600
2869
1589
511
269
1005
2286
3360
3597
2857
1575
503
272
1015
2299
3368
3593
2845
1562
496
274
1029
2312
3375
3591
2834
1546
488
278
1040
2326
3381
3587
2823
1532
481
281
1051
2340
3389
3584
2810
1518
473
284
1063
2353
3396
3581
2797
1504
466
287
1076
2367
3403
3578
2786
1492
460
291
1087
2380
3410
3574
2774
1479
453
295
1098
2396
3418
3570
2763
1464
447
299
1111
2408
3425
3566
2750
1452
440
303
1123
2422
3432
3563
2737
1439
433
306
1135
2435
3439
3558
2727
1426
425
312
1147
2447
3444
3554
2714
1414
420
316
1161
2462
3450
3549
2699
1399
412
320
1173
2476
3458
3544
2687
1385
406
325
1185
2488
3464
3540
2675
1372
401
329
1198
2501
3470
3536
2663
1359
394
333
1211
2514
3475
3531
2651
1347
389
338
1222
2528
3482
3526
2639
1334
382
344
1235
2541
3488
3521
2626
1319
377
349
1247
2554
3493
3516
2613
1307
372
353
1260
2566
3498
3511
2600
1295
368
360
1273
2580
3504
3506
2586
1281
362
365
1287
2594
3509
3501
2574
1267
356
371
1299
2607
3514
3495
2561
1254
350
375
1312
2619
3520
3491
2548
1243
344
381
1327
2631
3524
3483
2535
1230
340
387
1339
2644
3528
3477
2522
1218
335
392
1352
2655
3534
3471
2508
1205
330
398
1364
2668
3539
3466
2496
1193
325
404
1378
2681
3543
3460
2482
1181
321
410
1391
2693
3548
3453
2466
1167
317
417
1405
2707
3552
3448
2454
1154
313
423
1418
2716
3558
3441
2441
1142
307
429
1431
2728
3561
3434
2428
1130
304
437
1445
2741
3566
3428
2414
1117
300
443
1460
2756
3568
3420
2401
1105
296
449
1472
2767
3573
3413
2388
1094
293
456
1485
2779
3576
3407
2375
1082
289
463
1499
2791
3580
3400
2361
1071
285
471
1512
2803
3584
3394
2349
1057
282
477
1527
2815
3586
3386
2334
1046
279
485
1539
2828
3590
3379
2321
1034
276
492
1553
2839
3593
3372
2308
1022
272
499
1569
2851
3596
3364
2293
1011
269
506
1581
2863
3599
3357
2281
999
267
514
1594
2874
3601
3349
2266
988
264
522
1608
2886
3604
3341
2252
976
261
530
1621
2896
3607
3334
2239
965
259
538
1635
2909
3610
3325
2224
953
256
546
1649
2920
3612
3318
2210
942
254
554
1662
2931
3614
3309
2197
932
252
562
1677
2942
3616
3301
2183
920
251
570
1690
2953
3617
3293
2170
907
249
578
1703
2965
3619
3285
2157
896
247
587
1716
2976
3621
3276
2142
886
245
595
1730
2986
3623
3267
2129
875
244
605
1743
2997
3624
3259
2116
865
243
612
1758
3009
3625
3250
2101
854
240
621
1772
3019
3627
3242
2086
843
239
629
1786
3030
3628
3233
2073
832
238
639
1801
3040
3629
3223
2059
822
237
647
1814
3051
3630
3214
2046
810
236
657
1828
3062
3632
3204
2032
800
236
667
1841
3072
3632
3195
2019
790
234
676
1856
3081
3633
3185
2004
780
235
686
1870
3091
3633
3176
1991
769
233
695
1885
3102
3633
3166
1976
759
233
704
1898
3111
3634
3157
1962
749
233
714
1911
3122
3634
3147
1949
740
233
724
1926
3130
3634
3137
1935
731
232
733
1938
3141
3634
3128
1922
720
233
743
1953
3150
3634
3118
1908
711
233
752
1966
3159
3634
3110
1894
701
233
762
1980
3169
3633
3098
1880
692
234
772
1995
3179
3632
3089
1866
682
235
783
2008
3187
3633
3079
1852
671
235
794
2023
3199
3632
3069
1838
663
236
804
2037
3207
3631
3057
1824
654
236
814
2050
3218
3630
3047
1810
647
238
825
2063
3227
3629
3037
1797
636
239
835
2078
3237
3627
3026
1782
627
240
848
2090
3246
3626
3016
1768
618
242
857
2106
3254
3625
3006
1754
610
242
868
2120
3262
3623
2994
1739
600
244
879
2133
3271
3621
2982
1726
592
247
890
2147
3279
3620
2972
1712
584
248
901
2160
3287
3617
2961
1699
576
251
912
2173
3295
3617
2949
1687
566
252
924
2188
3305
3615
2937
1673
558
253
934
2201
3313
3613
2926
1660
550
255
947
2214
3321
3611
2915
1646
542
257
958
2229
3328
3608
2904
1632
534
261
969
2242
3338
3606
2892
1618
526
263
980
2255
3344
3603
2882
1604
519
265
992
2270
3353
3600
2870
1590
511
268
1003
2285
3359
3598
2859
1578
504
271
1014
2298
3368
3594
2847
1563
497
274
1027
2311
3373
3592
2836
1548
489
277
1039
2325
3382
3588
2824
1534
481
280
1050
2338
3389
3585
2812
1520
475
284
1062
2353
3396
3582
2799
1506
467
287
1074
2365
3403
3578
2787
1493
460
291
1087
2379
3410
3575
2775
1480
453
295
1098
2393
3417
3570
2764
1467
447
299
1110
2407
3424
3567
2751
1453
440
302
1121
2420
3432
3563
2738
1440
433
306
1134
2434
3438
3559
2727
1428
426
311
1146
2447
3444
3555
2715
1415
419
313
1159
2460
3450
3551
2701
1399
413
319
1172
2474
3456
3544
2690
1387
407
324
1184
2487
3463
3541
2676
1373
401
329
1197
2500
3468
3535
2664
1361
395
333
1209
2513
3475
3532
2652
1348
389
337
1221
2527
3481
3526
2640
1335
384
343
1233
2540
3488
3521
2627
1321
377
348
1246
2553
3492
3517
2615
1309
372
353
1259
2566
3498
3512
2602
1295
368
359
1271
2578
3503
3507
2590
1283
363
364
1285
2593
3509
3502
2576
1268
356
371
1297
2605
3514
3496
2562
1256
351
374
1311
2617
3520
3491
2549
1244
345
380
1326
2630
3524
3484
2537
1232
341
386
1338
2642
3528
3478
2525
1219
336
391
1350
2654
3534
3472
2510
1207
330
397
1363
2667
3538
3467
2498
1194
326
404
1376
2679
3542
3460
2484
1182
321
410
1389
2691
3548
3454
2468
1169
317
416
1403
2705
3552
3448
2455
1156
313
422
1415
2716
3557
3442
2442
1143
309
429
1429
2727
3560
3436
2429
1131
303
435
1443
2740
3566
3430
2417
1119
301
443
1458
2755
3568
3422
2402
1107
297
449
1470
2766
3573
3415
2390
1094
293
456
1484
2778
3576
3408
2377
1083
289
463
1497
2790
3580
3401
2363
1071
285
469
1512
2802
3584
3394
2349
1059
282
477
1524
2814
3586
3387
2336
1048
279
483
1538
2824
3590
3380
2322
1035
275
491
1552
2838
3593
3372
2309
1023
272
498
1567
2849
3596
3366
2294
1012
269
506
1580
2862
3599
3358
2282
1000
267
513
1594
2873
3601
3351
2267
989
264
520
1606
2885
3604
3343
2253
978
261
529
1619
2895
3607
3335
2241
966
258
537
1633
2907
3609
3327
2225
955
256
545
1647
2918
3612
3319
2212
944
254
553
1661
2929
3614
3311
2199
932
253
561
1675
2941
3616
3301
2184
922
252
569
1689
2952
3617
3294
2172
908
249
578
1701
2964
3620
3285
2158
898
247
586
1715
2975
3621
3277
2144
887
245
594
1729
2986
3622
3268
2131
876
243
603
1742
2996
3624
3260
2118
866
243
611
1758
3008
3625
3251
2104
856
241
620
1770
3018
3627
3243
2088
844
239
628
1784
3029
3628
3234
2075
832
238
638
1799
3039
3629
3224
2061
823
237
646
1813
3049
3631
3215
2047
812
236
655
1826
3060
3632
3205
2034
802
236
664
1840
3070
3633
3195
2019
792
235
675
1854
3080
3633
3187
2006
781
234
684
1869
3090
3633
3177
1993
770
234
694
1883
3101
3633
3167
1978
761
233
704
1897
3110
3634
3158
1965
751
234
713
1910
3121
3634
3148
1950
741
233
722
1923
3129
3635
3139
1936
732
232
733
1936
3139
3634
3128
1924
722
232
741
1952
3149
3634
3120
1909
712
234
752
1965
3159
3634
3110
1896
703
234
761
1979
3167
3633
3100
1882
693
234
771
1994
3177
3633
3091
1869
684
235
781
2007
3187
3632
3081
1854
675
235
792
2021
3197
3633
3069
1840
663
236
803
2035
3207
3631
3059
1826
655
236
812
2048
3217
3630
3049
1812
647
237
823
2062
3225
3629
3038
1798
638
238
834
2076
3235
3628
3028
1784
629
240
847
2089
3244
3626
3017
1770
619
241
856
2104
3253
3625
3008
1756
611
242
868
2118
3262
3624
2995
1742
602
244
877
2132
3270
3622
2984
1728
593
246
888
2144
3279
3620
2973
1714
584
247
899
2158
3287
3618
2963
1700
576
249
910
2172
3295
3616
2949
1687
568
252
921
2185
3303
3615
2938
1675
558
253
934
2199
3312
3613
2928
1662
551
254
945
2213
3321
3612
2917
1648
543
256
956
2226
3327
3608
2905
1632
534
260
968
2241
3338
3606
2893
1620
527
262
979
2253
3344
3603
2883
1606
519
265
989
2268
3351
3600
2872
1593
512
269
1002
2283
3359
3598
2859
1579
505
271
1013
2295
3367
3595
2849
1567
497
273
1024
2309
3373
3592
2837
1551
490
276
1037
2323
3380
3588
2824
1536
482
279
1048
2337
3388
3585
2812
1523
475
284
1061
2350
3395
3582
2800
1508
467
286
1072
2363
3402
3578
2788
1495
461
290
1085
2377
3408
3575
2777
1481
455
294
1096
2393
3416
3571
2764
1469
448
298
1108
2406
3424
3568
2753
1455
441
301
1119
2419
3431
3564
2740
1442
433
306
1132
2432
3436
3560
2730
1429
427
311
1145
2445
3443
3556
2717
1416
421
313
1158
2458
3448
3551
2703
1403
414
319
1170
2473
3456
3545
2691
1388
407
323
1182
2485
3462
3541
2678
1376
402
328
1195
2498
3468
3536
2666
1363
396
333
1208
2511
3474
3532
2653
1350
390
337
1219
2526
3480
3527
2642
1337
384
342
1231
2538
3488
3523
2630
1323
378
347
1244
2551
3492
3518
2616
1310
373
353
1257
2564
3497
3512
2604
1297
369
358
1269
2577
3503
3507
2592
1285
364
364
1283
2591
3508
3502
2577
1271
357
369
1295
2603
3514
3496
2564
1258
351
374
1309
2616
3518
3491
2551
1246
345
379
1323
2629
3524
3484
2539
1233
341
386
1337
2641
3528
3480
2526
1220
337
390
1349
2652
3533
3473
2512
1208
331
397
1361
2666
3538
3467
2499
1196
327
403
1374
2678
3541
3461
2486
1184
322
409
1387
2690
3548
3455
2470
1170
318
415
1402
2703
3552
3448
2457
1158
313
421
1415
2714
3557
3443
2444
1144
309
428
1428
2726
3560
3437
2431
1133
305
433
1441
2738
3564
3430
2418
1121
301
441
1456
2754
3568
3423
2405
1108
297
448
1469
2764
3572
3416
2392
1096
294
455
1483
2776
3576
3409
2379
1085
289
462
1495
2788
3579
3403
2365
1074
286
469
1511
2800
3583
3395
2352
1061
283
476
1523
2812
3585
3388
2337
1049
280
483
1536
2824
3589
3381
2324
1037
276
490
1550
2837
3593
3373
2310
1025
273
497
1563
2848
3596
3367
2296
1013
270
504
1578
2861
3599
3359
2284
1001
268
512
1591
2872
3601
3351
2268
990
264
520
1605
2883
3604
3344
2254
979
261
528
1617
2893
3607
3336
2241
969
259
536
1632
2905
3609
3328
2227
956
257
544
1645
2917
3611
3320
2214
945
254
551
1658
2929
3614
3312
2201
933
253
561
1673
2939
3616
3305
2187
922
252
568
1687
2949
3617
3295
2173
912
249
577
1700
2963
3619
3287
2160
899
248
585
1713
2973
3620
3278
2146
888
245
592
1726
2984
3622
3270
2132
878
244
602
1740
2995
3624
3262
2119
867
243
610
1754
3008
3625
3253
2105
856
241
618
1769
3017
3627
3245
2090
846
239
627
1782
3027
3629
3236
2077
834
239
636
1797
3038
3629
3225
2063
824
237
645
1810
3049
3630
3216
2049
814
236
654
1825
3058
3632
3207
2036
804
236
663
1838
3069
3632
3198
2022
793
235
674
1852
3079
3633
3187
2008
782
234
683
1866
3089
3634
3179
1994
772
234
692
1880
3100
3634
3169
1980
762
233
702
1894
3110
3634
3159
1966
751
233
711
1908
3119
3634
3149
1951
742
233
721
1921
3128
3635
3140
1938
734
233
731
1935
3138
3634
3130
1926
723
232
740
1949
3149
3635
3121
1911
713
232
750
1963
3158
3634
3111
1898
703
233
760
1977
3167
3634
3101
1884
694
233
769
1991
3176
3633
3091
1870
685
234
780
2005
3187
3633
3082
1855
675
235
790
2018
3195
3632
3072
1842
665
236
801
2033
3205
3632
3060
1827
656
236
812
2047
3215
3630
3049
1814
647
237
822
2059
3224
3629
3040
1801
639
238
833
2074
3234
3628
3029
1786
630
240
844
2087
3243
3626
3019
1772
621
242
855
2101
3252
3625
3008
1757
613
242
865
2116
3260
3624
2997
1743
603
244
876
2130
3269
3622
2985
1729
594
246
887
2143
3277
3620
2974
1716
586
247
898
2157
3285
3618
2964
1702
577
249
909
2171
3294
3617
2953
1689
568
252
920
2184
3303
3615
2940
1676
561
253
932
2198
3311
3614
2929
1664
551
254
944
2211
3319
3611
2918
1649
544
256
955
2224
3327
3609
2906
1636
536
259
966
2239
3335
3607
2896
1622
528
261
978
2252
3343
3604
2885
1607
520
264
988
2267
3350
3601
2873
1594
513
268
1000
2281
3358
3599
2861
1581
506
270
1012
2294
3367
3595
2850
1568
498
274
1023
2307
3372
3592
2839
1552
491
276
1036
2321
3379
3589
2826
1538
483
279
1048
2334
3387
3586
2814
1524
476
283
1060
2347
3394
3583
2802
1510
469
286
1071
2363
3402
3580
2791
1496
461
289
1083
2375
3408
3576
2779
1483
455
293
1094
2389
3415
3572
2766
1470
449
297
1106
2405
3422
3568
2755
1456
441
301
1118
2417
3430
3564
2741
1444
433
305
1130
2430
3436
3560
2729
1431
427
309
1142
2443
3443
3556
2719
1418
421
313
1154
2456
3448
3552
2704
1403
415
319
1170
2471
3456
3548
2692
1389
408
323
1182
2484
3462
3542
2680
1378
403
328
1194
2497
3467
3538
2667
1364
396
331
1206
2510
3473
3532
2655
1351
390
337
1218
2524
3478
3528
2643
1338
385
341
1230
2537
3487
3523
2631
1326
379
347
1243
2549
3492
3518
2618
1311
373
353
1255
2562
3497
3513
2605
1299
369
357
1268
2575
3502
3508
2593
1286
363
364
1282
2590
3508
3503
2578
1271
357
368
1294
2602
3514
3498
2566
1259
350
373
1308
2614
3518
3492
2553
1247
346
378
1321
2628
3523
3487
2540
1235
343
384
1335
2639
3528
3480
2527
1222
337
390
1347
2651
3533
3474
2513
1210
332
397
1360
2664
3538
3468
2501
1197
327
402
1373
2677
3541
3462
2487
1186
322
408
1387
2688
3546
3455
2471
1171
318
414
1399
2701
3552
3450
2458
1159
313
421
1413
2712
3556
3444
2446
1146
309
427
1426
2724
3560
3437
2433
1134
305
433
1439
2737
3564
3430
2419
1122
301
441
1454
2751
3568
3424
2406
1110
297
448
1467
2763
3571
3416
2393
1098
293
453
1481
2775
3576
3410
2379
1086
290
461
1494
2786
3579
3403
2366
1075
286
468
1508
2798
3582
3396
2353
1062
283
475
1521
2811
3585
3388
2339
1051
280
482
1535
2824
3589
3382
2325
1038
277
489
1548
2836
3592
3374
2312
1026
273
497
1562
2847
3594
3367
2298
1015
269
503
1576
2859
3599
3360
2286
1002
267
512
1590
2870
3601
3352
2270
991
265
519
1603
2881
3603
3345
2257
980
261
527
1617
2892
3606
3338
2243
969
260
535
1630
2905
3609
3329
2230
957
257
543
1644
2916
3611
3321
2216
946
255
550
1657
2927
3613
3313
2202
935
253
558
1671
2938
3615
3305
2188
924
252
568
1685
2949
3617
3296
2174
912
249
575
1698
2961
3619
3287
2161
900
248
584
1712
2972
3620
3279
2148
890
246
592
1725
2983
3623
3271
2134
879
244
601
1739
2994
3624
3262
2120
868
243
610
1753
3006
3625
3253
2108
857
241
617
1768
3016
3627
3246
2092
847
239
626
1782
3026
3628
3237
2078
836
238
635
1796
3037
3629
3226
2064
825
237
644
1810
3048
3630
3218
2050
815
236
653
1824
3058
3632
3208
2037
804
236
663
1837
3068
3632
3199
2023
794
235
671
1850
3078
3633
3187
2010
784
234
682
1866
3088
3633
3179
1995
772
233
691
1880
3099
3634
3170
1981
763
233
701
1893
3108
3634
3160
1967
752
233
710
1907
3118
3634
3151
1953
743
233
720
1920
3127
3635
3141
1940
735
232
730
1934
3137
3636
3131
1927
723
231
739
1948
3147
3635
3122
1913
714
232
749
1962
3157
3634
3112
1899
704
233
759
1975
3167
3634
3102
1886
695
234
768
1989
3175
3633
3093
1870
686
234
778
2003
3187
3632
3083
1857
677
235
789
2017
3196
3633
3073
1843
667
236
800
2032
3204
3632
3061
1828
657
236
811
2045
3214
3630
3051
1815
648
236
820
2059
3223
3629
3041
1802
639
238
831
2072
3233
3628
3031
1787
631
239
843
2086
3243
3626
3019
1773
622
241
855
2099
3250
3625
3009
1760
614
242
864
2115
3260
3624
2998
1745
604
244
875
2128
3268
3622
2987
1731
595
246
886
2142
3276
3621
2976
1718
587
248
896
2156
3285
3619
2965
1704
579
249
908
2169
3293
3617
2954
1691
570
252
920
2182
3302
3616
2941
1678
562
253
931
2196
3310
3614
2930
1665
552
253
943
2209
3319
3612
2919
1651
546
256
953
2222
3326
3609
2907
1638
538
259
965
2237
3335
3606
2897
1624
529
262
976
2250
3341
3603
2886
1609
522
264
987
2265
3350
3601
2874
1596
514
267
998
2280
3357
3598
2863
1583
507
270
1010
2293
3365
3596
2852
1570
498
273
1021
2306
3372
3593
2840
1555
492
276
1035
2319
3378
3589
2828
1540
484
280
1045
2333
3386
3586
2816
1524
477
282
1058
2346
3392
3583
2804
1512
469
286
1069
2361
3400
3580
2792
1498
463
289
1082
2373
3407
3576
2780
1485
456
293
1093
2386
3414
3572
2767
1472
449
298
1105
2403
3420
3568
2757
1459
441
301
1117
2416
3429
3564
2743
1446
436
305
1130
2428
3435
3560
2731
1432
429
309
1142
2442
3440
3556
2719
1419
422
313
1154
2455
3448
3552
2707
1407
417
318
1168
2468
3454
3546
2694
1393
410
323
1180
2482
3460
3541
2682
1379
404
328
1192
2494
3466
3537
2669
1367
398
331
1203
2507
3472
3532
2656
1353
392
337
1217
2522
3478
3528
2645
1339
387
341
1228
2535
3484
3523
2632
1327
380
347
1242
2547
3491
3517
2619
1314
375
352
1254
2559
3496
3513
2606
1301
370
357
1267
2574
3501
3508
2594
1287
365
363
1279
2586
3506
3503
2580
1275
359
369
1293
2601
3512
3497
2567
1261
355
373
1306
2613
3516
3492
2555
1249
348
379
1319
2625
3522
3487
2542
1236
343
384
1333
2637
3526
3480
2529
1224
337
390
1346
2650
3531
3474
2514
1212
333
396
1358
2662
3536
3468
2502
1200
329
402
1371
2675
3540
3462
2489
1187
324
407
1384
2687
3545
3456
2474
1173
319
413
1398
2699
3551
3450
2460
1161
315
420
1412
2711
3556
3444
2447
1147
311
426
1425
2723
3560
3438
2434
1136
306
433
1438
2736
3564
3432
2420
1124
301
440
1451
2747
3568
3424
2408
1111
298
447
1466
2762
3570
3418
2395
1099
294
453
1479
2773
3575
3411
2382
1088
290
460
1492
2785
3578
3404
2369
1077
286
467
1506
2796
3582
3397
2353
1064
284
473
1520
2809
3586
3389
2341
1052
281
481
1533
2820
3588
3383
2327
1041
277
488
1546
2834
3592
3375
2314
1028
274
496
1560
2844
3594
3369
2300
1016
271
502
1575
2857
3597
3361
2288
1005
268
510
1588
2869
3600
3353
2272
993
265
518
1601
2880
3602
3345
2259
981
263
526
1614
2890
3606
3339
2245
971
259
533
1629
2903
3608
3329
2233
960
258
541
1641
2914
3610
3322
2217
948
255
550
1655
2925
3613
3313
2204
936
253
558
1669
2936
3615
3306
2189
926
252
566
1683
2948
3617
3296
2176
915
250
575
1696
2959
3618
3289
2163
902
248
582
1710
2971
3620
3280
2150
891
246
591
1724
2981
3622
3272
2136
881
245
600
1738
2992
3623
3263
2122
870
243
609
1750
3004
3624
3255
2108
858
242
616
1766
3014
3626
3246
2094
849
241
626
1780
3025
3627
3238
2080
839
239
634
1794
3035
3629
3227
2066
826
238
643
1808
3045
3629
3219
2052
816
237
653
1821
3057
3630
3209
2040
805
236
661
1834
3066
3632
3199
2025
796
236
671
1850
3076
3633
3191
2011
784
235
681
1862
3086
3633
3180
1997
775
234
691
1878
3097
3633
3171
1983
764
233
699
1891
3107
3634
3161
1969
754
233
709
1905
3116
3634
3152
1955
744
233
719
1918
3126
3634
3143
1942
735
233
728
1932
3135
3634
3132
1928
725
233
738
1945
3145
3634
3123
1915
716
232
747
1960
3155
3633
3113
1901
706
233
758
1973
3165
3634
3103
1887
697
234
768
1987
3174
3633
3094
1874
687
234
777
2002
3185
3633
3085
1859
677
235
788
2016
3194
3633
3074
1845
669
236
796
2029
3203
3631
3063
1831
659
236
810
2043
3212
3630
3052
1817
650
237
819
2057
3221
3629
3042
1805
641
238
829
2070
3232
3628
3032
1789
633
240
842
2084
3242
3627
3021
1774
623
241
853
2097
3248
3626
3010
1762
616
242
862
2112
3258
3625
2999
1748
606
244
873
2126
3266
3623
2989
1733
597
245
884
2140
3275
3620
2977
1719
588
247
895
2154
3283
3618
2967
1706
580
249
906
2167
3291
3617
2955
1692
572
252
918
2181
3301
3616
2943
1680
563
253
930
2194
3307
3614
2932
1667
555
254
941
2207
3317
3611
2920
1653
546
257
953
2221
3324
3609
2909
1640
538
259
964
2235
3333
3606
2898
1624
530
261
975
2249
3340
3604
2888
1611
523
264
985
2263
3348
3601
2876
1597
515
267
997
2276
3356
3598
2864
1584
507
270
1009
2291
3363
3596
2852
1571
500
273
1020
2304
3371
3592
2841
1556
494
275
1032
2318
3378
3590
2830
1541
485
279
1044
2331
3385
3585
2817
1527
479
282
1056
2344
3392
3584
2805
1512
471
285
1068
2359
3399
3580
2793
1500
465
289
1080
2372
3406
3576
2781
1487
457
293
1092
2385
3413
3572
2769
1473
450
297
1103
2402
3420
3568
2758
1460
444
301
1116
2414
3428
3564
2744
1447
436
304
1128
2427
3435
3560
2732
1433
431
309
1140
2440
3440
3557
2722
1420
423
313
1154
2454
3447
3552
2708
1407
417
317
1166
2466
3454
3548
2695
1393
409
321
1178
2480
3460
3543
2683
1381
404
326
1190
2494
3465
3538
2670
1367
398
331
1203
2506
3472
3534
2658
1355
392
336
1215
2519
3478
3529
2646
1341
387
341
1227
2533
3484
3523
2634
1329
380
345
1239
2546
3491
3519
2621
1315
374
351
1252
2558
3495
3514
2608
1301
371
357
1264
2572
3500
3509
2596
1289
366
362
1279
2586
3506
3505
2582
1276
359
367
1291
2598
3512
3498
2570
1262
353
373
1304
2612
3516
3493
2557
1250
347
377
1318
2624
3522
3488
2543
1238
343
383
1331
2635
3525
3481
2530
1226
338
389
1344
2649
3531
3476
2516
1213
333
395
1356
2661
3535
3469
2504
1201
329
401
1370
2672
3541
3463
2490
1188
324
406
1383
2685
3544
3456
2477
1176
320
413
1397
2698
3548
3451
2462
1162
313
419
1410
2710
3555
3446
2449
1150
311
425
1423
2721
3559
3439
2436
1138
306
433
1436
2734
3563
3432
2422
1126
301
439
1450
2745
3567
3425
2409
1112
299
445
1464
2760
3570
3419
2396
1101
295
453
1478
2772
3575
3411
2384
1090
291
460
1490
2784
3578
3403
2369
1078
287
466
1504
2796
3582
3397
2356
1066
284
473
1518
2808
3585
3391
2342
1053
281
481
1532
2820
3587
3383
2328
1041
277
488
1545
2832
3592
3375
2316
1029
273
495
1558
2844
3594
3369
2301
1018
272
501
1573
2856
3597
3361
2288
1005
269
510
1587
2868
3600
3354
2274
994
266
517
1600
2879
3603
3347
2261
982
263
525
1614
2890
3606
3339
2247
972
260
532
1625
2901
3608
3331
2233
961
258
541
1641
2913
3610
3323
2219
948
255
548
1654
2924
3613
3315
2205
938
253
558
1668
2936
3614
3307
2191
927
252
566
1682
2946
3616
3297
2178
916
250
574
1694
2958
3617
3290
2165
904
248
581
1708
2969
3619
3281
2151
892
247
591
1722
2981
3621
3273
2138
882
245
598
1736
2990
3623
3264
2124
871
244
607
1750
3004
3624
3256
2108
860
242
615
1764
3013
3627
3247
2096
849
240
624
1778
3024
3628
3239
2081
840
239
633
1793
3034
3629
3228
2068
828
237
642
1806
3044
3630
3220
2054
818
237
651
1819
3056
3631
3210
2041
807
236
660
1833
3065
3632
3201
2027
796
236
671
1847
3076
3633
3191
2014
785
234
679
1861
3086
3633
3182
1999
776
233
689
1876
3096
3634
3172
1984
765
234
699
1890
3106
3634
3162
1971
756
234
708
1903
3116
3634
3153
1956
745
233
718
1918
3126
3634
3143
1943
736
234
727
1931
3134
3635
3134
1931
726
232
736
1944
3144
3634
3124
1915
717
233
747
1958
3154
3633
3114
1902
707
233
756
1971
3163
3634
3104
1888
698
233
767
1986
3173
3633
3094
1874
689
234
777
1999
3184
3633
3085
1860
679
235
786
2014
3193
3633
3075
1846
669
236
796
2028
3203
3632
3065
1832
659
235
808
2042
3211
3631
3054
1819
651
237
818
2055
3221
3629
3043
1806
642
238
829
2069
3229
3628
3033
1790
633
240
841
2082
3240
3627
3022
1777
624
241
851
2096
3247
3626
3012
1763
617
242
861
2111
3257
3625
3000
1749
606
244
872
2124
3266
3623
2989
1735
597
245
883
2138
3274
3621
2979
1721
589
247
894
2152
3283
3619
2967
1707
581
249
904
2165
3291
3617
2957
1694
573
251
916
2178
3299
3616
2945
1681
564
253
928
2193
3307
3614
2933
1668
556
253
940
2206
3315
3612
2922
1655
547
256
950
2220
3323
3610
2911
1640
540
258
962
2233
3332
3607
2900
1627
530
261
974
2248
3340
3604
2888
1612
523
264
984
2262
3347
3602
2877
1599
516
267
996
2275
3355
3599
2866
1586
509
270
1007
2290
3362
3596
2855
1572
501
273
1018
2303
3370
3592
2843
1559
494
275
1029
2316
3376
3590
2832
1544
486
278
1043
2329
3384
3587
2819
1528
480
281
1055
2343
3391
3584
2806
1515
471
285
1066
2357
3398
3580
2795
1502
465
288
1078
2371
3405
3576
2782
1488
457
293
1091
2383
3412
3572
2771
1475
451
296
1102
2399
3420
3569
2760
1462
444
300
1114
2412
3426
3565
2746
1448
437
304
1126
2425
3432
3560
2733
1436
431
307
1138
2438
3440
3558
2723
1423
423
313
1150
2451
3447
3552
2710
1409
418
317
1165
2466
3453
3548
2697
1395
411
321
1177
2478
3459
3544
2684
1383
405
326
1189
2492
3464
3538
2672
1370
399
329
1202
2505
3471
3534
2659
1356
393
335
1213
2517
3477
3530
2648
1343
388
340
1225
2532
3483
3524
2635
1330
382
345
1237
2544
3489
3519
2623
1316
376
350
1251
2557
3494
3516
2610
1303
372
354
1263
2570
3500
3510
2598
1291
366
361
1277
2584
3505
3505
2586
1278
360
367
1289
2597
3511
3499
2571
1264
355
372
1303
2610
3516
3494
2558
1251
348
376
1316
2622
3521
3489
2545
1239
343
382
1330
2634
3526
3482
2532
1227
339
388
1342
2648
3531
3477
2520
1215
333
394
1355
2659
3536
3471
2505
1202
329
400
1368
2671
3540
3464
2492
1189
325
405
1380
2683
3544
3458
2478
1177
320
412
1394
2696
3549
3452
2464
1164
316
418
1407
2710
3552
3447
2450
1152
311
423
1421
2720
3559
3440
2438
1139
307
431
1434
2732
3563
3432
2424
1127
302
437
1448
2744
3566
3426
2411
1114
299
445
1462
2759
3570
3419
2398
1103
296
451
1476
2770
3574
3412
2385
1091
291
459
1489
2782
3577
3405
2372
1079
287
466
1502
2794
3581
3398
2358
1067
285
472
1516
2807
3585
3391
2344
1055
281
480
1530
2817
3587
3384
2330
1041
277
486
1543
2830
3592
3377
2317
1031
274
494
1556
2842
3593
3370
2303
1019
271
501
1572
2855
3597
3363
2290
1007
269
508
1584
2865
3600
3355
2275
995
266
516
1599
2877
3602
3347
2263
984
263
524
1612
2888
3605
3340
2249
974
260
531
1625
2900
3608
3331
2233
962
258
540
1639
2911
3610
3323
2221
951
256
548
1652
2922
3612
3315
2207
939
253
557
1665
2934
3614
3307
2193
928
252
564
1680
2944
3616
3299
2179
916
250
573
1692
2957
3618
3291
2167
904
248
580
1706
2967
3619
3283
2153
894
247
589
1720
2979
3621
3274
2139
884
244
598
1734
2989
3623
3266
2126
872
244
607
1748
3000
3624
3257
2112
862
242
613
1762
3012
3626
3248
2097
851
240
623
1776
3022
3627
3239
2083
841
239
631
1790
3033
3628
3230
2070
829
238
641
1805
3042
3630
3221
2056
819
236
649
1818
3053
3631
3211
2043
808
236
659
1831
3062
3632
3203
2029
796
236
670
1845
3074
3633
3193
2015
787
234
679
1859
3084
3633
3183
2001
776
234
687
1874
3095
3633
3174
1987
766
233
697
1888
3104
3633
3163
1973
757
233
707
1902
3114
3634
3155
1959
746
233
716
1915
3125
3634
3145
1945
737
233
726
1929
3133
3635
3135
1933
727
233
736
1943
3143
3635
3126
1918
719
233
745
1956
3153
3634
3116
1904
708
234
755
1970
3161
3634
3106
1890
699
233
765
1983
3172
3634
3096
1877
689
234
776
1998
3183
3632
3087
1862
679
235
784
2013
3191
3633
3077
1849
671
235
796
2026
3201
3632
3065
1834
660
235
807
2040
3210
3631
3056
1820
651
237
816
2053
3220
3630
3044
1808
644
238
827
2066
3230
3629
3034
1792
634
239
839
2080
3239
3627
3024
1778
626
241
850
2094
3247
3626
3013
1765
617
242
860
2108
3255
3624
3003
1750
607
243
871
2124
3265
3623
2991
1736
598
245
881
2136
3273
3621
2980
1722
590
246
893
2151
3281
3620
2969
1709
582
248
904
2164
3289
3617
2959
1695
574
250
916
2177
3299
3616
2947
1684
566
253
927
2190
3307
3615
2934
1670
557
253
938
2204
3315
3613
2923
1656
548
256
949
2217
3323
3610
2912
1644
541
258
961
2232
3331
3608
2901
1628
532
261
972
2245
3339
3605
2889
1615
525
263
982
2260
3347
3602
2879
1601
516
266
994
2273
3354
3600
2868
1588
509
269
1005
2288
3361
3597
2856
1574
501
271
1017
2300
3369
3593
2844
1560
495
275
1029
2315
3376
3592
2832
1544
488
278
1041
2328
3383
3587
2820
1530
480
281
1053
2341
3389
3585
2808
1516
473
285
1065
2355
3398
3581
2796
1503
465
288
1077
2369
3404
3576
2784
1491
457
292
1089
2381
3412
3574
2772
1476
451
296
1101
2397
3419
3569
2761
1463
445
300
1112
2410
3426
3566
2749
1451
438
304
1124
2424
3432
3562
2736
1437
432
307
1137
2437
3440
3558
2725
1424
424
313
1150
2450
3445
3552
2711
1411
419
316
1162
2465
3452
3548
2699
1398
413
321
1175
2476
3458
3544
2686
1384
406
325
1187
2490
3464
3540
2674
1371
399
329
1200
2503
3470
3535
2661
1357
394
334
1212
2515
3476
3530
2650
1345
389
339
1223
2530
3482
3525
2637
1333
382
345
1236
2542
3490
3520
2624
1319
377
349
1249
2555
3494
3516
2611
1306
372
354
1262
2568
3499
3510
2599
1292
366
360
1275
2582
3505
3506
2586
1279
361
366
1287
2596
3511
3500
2572
1266
356
372
1301
2608
3515
3494
2560
1253
349
376
1314
2620
3520
3489
2546
1241
345
381
1329
2633
3524
3483
2533
1228
339
387
1340
2646
3530
3477
2521
1217
333
393
1353
2657
3535
3471
2506
1204
329
399
1366
2670
3540
3465
2494
1192
325
405
1379
2682
3543
3459
2481
1180
320
411
1392
2695
3548
3452
2465
1166
316
417
1406
2709
3552
3447
2452
1154
312
423
1419
2718
3558
3440
2439
1140
307
431
1432
2731
3562
3435
2427
1128
303
437
1446
2742
3566
3428
2413
1116
299
444
1461
2758
3568
3420
2400
1104
296
451
1474
2769
3573
3413
2386
1093
292
457
1487
2780
3577
3406
2373
1080
288
465
1500
2793
3580
3399
2359
1069
285
471
1515
2805
3584
3392
2345
1056
282
478
1528
2816
3587
3385
2332
1045
279
486
1542
2829
3591
3378
2319
1032
274
493
1555
2840
3594
3371
2305
1021
271
500
1570
2852
3597
3364
2292
1009
269
507
1583
2865
3600
3356
2278
997
266
515
1596
2876
3602
3349
2264
986
264
523
1610
2888
3604
3340
2251
975
260
530
1623
2898
3607
3333
2237
964
258
538
1637
2909
3610
3325
2222
952
256
546
1649
2921
3612
3317
2209
942
254
556
1664
2933
3615
3307
2195
930
252
563
1678
2943
3616
3299
2181
916
250
572
1691
2955
3618
3292
2168
906
248
579
1705
2966
3619
3284
2155
896
246
588
1718
2977
3620
3275
2141
885
244
596
1731
2989
3623
3267
2128
874
243
605
1746
2998
3624
3259
2114
864
242
613
1760
3011
3626
3249
2099
853
240
622
1774
3021
3627
3241
2085
842
239
631
1788
3032
3629
3231
2072
830
238
640
1802
3041
3630
3222
2058
820
237
648
1816
3053
3630
3213
2044
809
236
658
1829
3062
3632
3203
2030
800
236
668
1843
3073
3633
3195
2018
788
234
677
1858
3082
3633
3185
2003
779
234
687
1870
3093
3633
3175
1987
768
233
696
1886
3104
3634
3165
1974
758
233
705
1900
3113
3634
3156
1960
748
233
715
1914
3123
3634
3146
1947
738
232
725
1927
3132
3635
3136
1934
729
232
735
1940
3142
3634
3127
1920
719
232
744
1954
3151
3634
3117
1906
710
233
753
1968
3161
3633
3107
1892
700
234
763
1981
3171
3634
3097
1878
691
234
774
1995
3180
3633
3089
1863
681
234
784
2011
3191
3633
3077
1850
671
235
796
2024
3200
3632
3068
1836
661
236
805
2039
3209
3631
3057
1822
652
236
816
2051
3219
3630
3046
1809
645
237
826
2065
3228
3629
3036
1795
635
238
836
2079
3238
3628
3025
1780
626
241
848
2092
3246
3625
3014
1766
618
242
858
2108
3255
3625
3005
1750
608
243
869
2122
3263
3624
2993
1738
599
244
880
2135
3272
3621
2981
1724
591
246
890
2148
3280
3620
2971
1711
582
248
902
2163
3288
3618
2960
1697
574
250
912
2175
3297
3616
2948
1686
566
252
924
2189
3306
3615
2936
1672
558
253
936
2202
3314
3613
2925
1658
549
254
948
2216
3323
3610
2914
1644
541
258
960
2231
3331
3608
2903
1632
533
260
970
2244
3339
3605
2891
1616
525
263
981
2257
3346
3603
2881
1603
517
265
992
2271
3354
3600
2869
1589
510
269
1004
2287
3360
3597
2857
1576
503
271
1015
2299
3369
3594
2846
1561
496
274
1029
2312
3375
3591
2834
1546
488
277
1041
2326
3382
3588
2822
1532
481
281
1052
2340
3389
3585
2809
1518
473
284
1064
2353
3397
3582
2797
1504
466
289
1076
2367
3404
3578
2786
1492
459
291
1088
2380
3410
3574
2773
1479
453
295
1099
2397
3419
3570
2763
1464
446
299
1111
2409
3426
3566
2750
1452
438
303
1123
2422
3432
3562
2737
1439
433
306
1134
2435
3438
3558
2727
1426
425
311
1148
2448
3445
3554
2713
1413
419
316
1162
2462
3451
3551
2699
1399
413
320
1173
2476
3458
3544
2687
1386
406
324
1186
2488
3464
3540
2675
1373
401
329
1198
2502
3470
3535
2663
1359
394
333
1210
2514
3475
3530
2651
1346
389
338
1221
2529
3481
3525
2639
1334
383
344
1234
2541
3489
3521
2626
1320
377
349
1248
2554
3494
3517
2614
1307
372
353
1259
2566
3499
3511
2601
1295
367
360
1273
2580
3504
3506
2586
1282
362
365
1285
2594
3510
3500
2574
1267
356
371
1299
2606
3514
3495
2562
1255
349
375
1312
2619
3520
3490
2547
1243
345
381
1326
2631
3524
3483
2535
1231
340
387
1339
2644
3529
3478
2523
1218
333
392
1352
2656
3535
3472
2509
1205
330
398
1364
2668
3540
3465
2496
1193
326
404
1377
2681
3543
3460
2482
1181
321
410
1391
2693
3548
3454
2466
1167
317
417
1404
2707
3552
3448
2454
1154
313
423
1417
2716
3557
3442
2441
1142
307
429
1431
2728
3562
3435
2428
1129
303
436
1445
2741
3566
3428
2415
1118
300
443
1460
2756
3568
3420
2401
1105
296
449
1472
2767
3573
3414
2388
1094
293
457
1485
2780
3576
3407
2375
1082
288
464
1499
2791
3580
3400
2361
1070
284
470
1512
2804
3584
3393
2347
1059
282
478
1527
2815
3587
3386
2334
1045
279
485
1540
2828
3590
3379
2321
1034
275
493
1553
2840
3594
3372
2308
1022
272
499
1569
2851
3597
3364
2293
1011
269
506
1581
2863
3600
3357
2280
998
267
514
1596
2874
3601
3350
2266
987
264
522
1608
2886
3604
3342
2252
977
261
529
1621
2896
3608
3334
2238
965
258
537
1635
2909
3609
3326
2225
953
256
546
1649
2920
3611
3317
2211
942
253
554
1661
2931
3614
3309
2197
931
253
562
1676
2942
3616
3300
2183
920
251
570
1690
2954
3618
3293
2171
907
248
578
1703
2965
3620
3285
2156
896
246
586
1716
2976
3620
3276
2142
886
245
595
1730
2986
3623
3268
2129
875
244
604
1743
2998
3624
3259
2116
864
242
611
1758
3009
3626
3250
2100
855
240
620
1772
3020
3627
3242
2087
843
239
629
1786
3030
3628
3234
2073
832
238
639
1801
3040
3630
3223
2060
822
237
647
1814
3052
3631
3214
2046
811
236
657
1827
3061
3632
3205
2032
800
236
666
1841
3071
3633
3195
2019
789
234
676
1856
3082
3633
3186
2005
779
233
686
1870
3092
3633
3176
1990
768
233
695
1884
3102
3634
3167
1976
759
233
704
1898
3111
3634
3157
1962
749
233
714
1912
3122
3634
3147
1949
739
233
724
1926
3131
3635
3138
1935
731
232
733
1938
3141
3635
3127
1922
720
232
742
1953
3151
3634
3118
1908
711
232
752
1966
3159
3634
3108
1894
701
233
762
1980
3169
3633
3098
1881
692
234
772
1995
3179
3633
3089
1866
682
234
783
2009
3187
3632
3080
1852
671
234
794
2022
3199
3632
3069
1838
662
236
804
2037
3208
3631
3058
1824
654
236
815
2050
3218
3630
3047
1810
646
237
824
2063
3227
3629
3037
1797
636
239
835
2077
3236
3628
3026
1782
628
240
847
2091
3245
3626
3017
1768
619
242
857
2106
3254
3625
3006
1754
610
242
868
2120
3263
3624
2994
1739
600
244
879
2134
3271
3622
2982
1726
592
246
888
2147
3279
3620
2972
1712
584
248
900
2161
3288
3618
2961
1699
575
249
912
2173
3297
3617
2949
1688
566
252
924
2187
3305
3616
2937
1673
558
253
935
2201
3313
3613
2926
1660
550
255
947
2214
3321
3611
2915
1646
542
257
958
2229
3329
3608
2904
1632
534
260
969
2243
3338
3605
2892
1619
526
262
980
2256
3344
3603
2882
1604
518
266
991
2270
3353
3600
2871
1591
510
268
1003
2285
3360
3598
2859
1577
503
271
1014
2297
3368
3594
2848
1564
497
274
1027
2310
3374
3592
2836
1547
488
277
1038
2325
3381
3588
2824
1534
481
280
1051
2337
3388
3585
2811
1521
474
284
1062
2352
3396
3582
2799
1507
467
287
1075
2365
3403
3578
2786
1493
459
291
1086
2379
3409
3574
2776
1479
453
294
1097
2393
3416
3570
2764
1467
447
298
1109
2407
3424
3567
2752
1453
440
301
1122
2421
3432
3563
2738
1440
433
306
1133
2434
3438
3560
2727
1428
425
311
1146
2447
3444
3556
2715
1415
420
313
1159
2460
3450
3551
2701
1399
413
319
1172
2474
3458
3545
2689
1387
406
324
1184
2486
3463
3540
2677
1373
401
329
1197
2499
3469
3537
2664
1361
394
333
1209
2512
3474
3531
2652
1348
389
337
1220
2527
3481
3526
2640
1335
382
343
1233
2540
3488
3522
2627
1321
377
348
1245
2553
3492
3517
2615
1308
372
352
1259
2565
3498
3512
2602
1295
368
359
1271
2578
3503
3507
2590
1283
363
364
1284
2592
3509
3502
2576
1269
356
370
1297
2604
3513
3496
2563
1257
350
374
1311
2618
3519
3491
2550
1244
345
380
1325
2629
3524
3484
2537
1231
341
386
1338
2642
3528
3478
2525
1219
335
392
1350
2654
3534
3472
2510
1207
331
398
1363
2667
3539
3466
2498
1194
327
404
1376
2679
3542
3460
2484
1182
321
409
1389
2691
3546
3454
2468
1169
317
416
1403
2704
3552
3448
2455
1157
313
422
1415
2716
3556
3442
2442
1143
309
429
1430
2728
3560
3436
2429
1131
305
436
1443
2739
3565
3429
2417
1119
301
443
1457
2754
3568
3421
2403
1107
297
449
1471
2765
3572
3415
2390
1095
293
456
1484
2777
3576
3407
2377
1084
289
463
1498
2789
3580
3400
2363
1072
286
470
1512
2801
3583
3394
2349
1060
282
478
1525
2813
3585
3387
2336
1048
280
484
1538
2824
3590
3379
2322
1036
276
492
1552
2838
3592
3372
2309
1023
273
498
1567
2848
3595
3365
2295
1012
270
506
1580
2861
3598
3357
2282
1000
268
513
1594
2872
3601
3349
2266
989
265
522
1606
2884
3603
3342
2253
979
262
530
1619
2894
3606
3334
2240
967
259
537
1633
2907
3608
3326
2225
955
257
546
1647
2918
3611
3319
2213
944
255
554
1660
2929
3612
3310
2199
932
253
562
1675
2940
3615
3301
2184
922
252
570
1689
2951
3617
3294
2172
909
249
578
1701
2964
3618
3285
2158
898
248
586
1714
2973
3620
3277
2144
888
246
595
1729
2985
3622
3268
2131
877
245
604
1742
2995
3623
3260
2116
866
244
611
1757
3008
3624
3251
2104
856
242
621
1772
3019
3626
3243
2088
845
240
629
1785
3028
3628
3234
2075
833
239
638
1799
3039
3628
3223
2061
823
237
647
1813
3049
3629
3214
2048
813
237
656
1826
3060
3632
3205
2034
802
236
665
1840
3070
3632
3195
2020
792
234
675
1855
3080
3633
3187
2006
781
235
685
1869
3091
3632
3176
1993
770
234
694
1883
3100
3633
3167
1978
760
233
704
1896
3110
3633
3158
1964
750
233
713
1910
3120
3634
3148
1951
740
233
723
1923
3129
3634
3139
1936
732
233
733
1937
3139
3634
3129
1923
722
232
741
1951
3149
3634
3119
1910
712
233
751
1965
3159
3633
3110
1896
703
233
762
1978
3168
3634
3100
1882
693
234
771
1993
3177
3633
3090
1868
683
235
781
2007
3187
3632
3081
1854
675
235
792
2020
3197
3632
3069
1840
664
236
803
2035
3206
3631
3058
1826
655
236
813
2048
3216
3630
3049
1811
648
237
824
2061
3225
3629
3039
1799
638
239
834
2076
3235
3627
3027
1783
630
241
846
2088
3244
3626
3017
1770
620
242
856
2104
3253
3625
3007
1756
613
243
867
2118
3261
3623
2995
1742
602
244
877
2131
3269
3622
2984
1728
593
246
888
2145
3278
3620
2973
1715
585
248
899
2158
3286
3617
2963
1701
578
251
910
2172
3294
3616
2949
1688
569
252
922
2185
3303
3614
2938
1675
558
253
934
2198
3311
3614
2927
1662
551
255
946
2213
3320
3610
2916
1648
544
258
956
2227
3327
3608
2905
1635
536
261
968
2240
3336
3605
2893
1620
528
263
979
2253
3343
3603
2882
1606
520
265
989
2268
3351
3600
2872
1592
512
268
1001
2282
3357
3598
2860
1579
505
271
1013
2295
3366
3594
2848
1567
497
273
1025
2309
3373
3592
2837
1552
491
277
1037
2323
3380
3588
2824
1536
483
280
1049
2336
3387
3585
2812
1523
476
284
1061
2351
3395
3582
2800
1509
469
286
1072
2363
3402
3579
2789
1495
461
291
1085
2377
3408
3574
2777
1482
454
294
1096
2390
3415
3570
2764
1468
448
298
1108
2406
3423
3567
2753
1455
441
302
1120
2419
3431
3563
2740
1442
433
306
1131
2432
3436
3560
2729
1430
427
311
1144
2445
3443
3555
2717
1417
421
313
1158
2458
3448
3551
2703
1403
415
319
1170
2473
3456
3545
2691
1388
407
324
1182
2485
3462
3540
2678
1376
402
328
1195
2498
3467
3536
2666
1363
396
333
1207
2511
3473
3532
2653
1351
391
337
1219
2525
3479
3527
2642
1338
385
343
1231
2538
3487
3522
2629
1325
379
347
1244
2550
3492
3518
2617
1311
373
353
1257
2563
3497
3512
2604
1298
369
359
1269
2576
3502
3508
2592
1285
364
364
1283
2590
3508
3501
2577
1271
357
369
1295
2602
3513
3496
2565
1259
351
374
1309
2616
3518
3491
2551
1246
346
380
1322
2629
3523
3486
2539
1233
342
385
1337
2641
3527
3479
2526
1221
337
391
1349
2653
3532
3472
2512
1209
332
397
1361
2666
3537
3466
2499
1196
327
404
1374
2678
3542
3461
2486
1184
321
409
1388
2690
3546
3454
2470
1170
319
415
1402
2703
3552
3448
2458
1158
313
421
1415
2714
3556
3443
2444
1145
310
428
1428
2726
3560
3436
2431
1133
305
433
1441
2738
3564
3430
2417
1120
301
441
1456
2754
3568
3422
2404
1108
297
448
1469
2764
3572
3416
2392
1096
294
455
1483
2776
3576
3409
2377
1085
290
463
1496
2788
3579
3402
2365
1074
286
469
1510
2800
3582
3394
2352
1061
283
476
1523
2812
3585
3388
2337
1049
280
483
1536
2824
3589
3381
2324
1037
276
490
1550
2837
3592
3373
2310
1025
273
497
1563
2848
3596
3367
2296
1013
269
504
1579
2860
3598
3358
2284
1001
268
513
1591
2872
3601
3351
2269
990
265
520
1605
2883
3603
3343
2256
980
262
529
1618
2893
3606
3336
2241
968
260
536
1631
2906
3609
3328
2228
956
257
544
1645
2917
3611
3319
2214
944
254
552
1658
2927
3613
3311
2201
934
253
560
1673
2939
3615
3303
2186
924
252
568
1687
2949
3617
3295
2173
912
249
576
1699
2962
3619
3287
2160
900
247
584
1713
2973
3621
3279
2146
888
247
593
1726
2984
3622
3270
2132
878
244
602
1740
2993
3623
3261
2120
868
243
613
1754
3008
3625
3253
2106
857
242
618
1769
3016
3627
3245
2090
846
240
628
1782
3027
3628
3235
2077
834
238
636
1798
3038
3628
3225
2063
825
237
645
1810
3049
3629
3216
2048
814
236
655
1825
3058
3631
3206
2035
804
236
664
1838
3068
3632
3198
2023
792
234
674
1853
3078
3633
3187
2008
782
234
683
1866
3089
3633
3178
1994
772
234
693
1881
3099
3633
3168
1979
762
232
702
1894
3110
3634
3159
1966
752
233
711
1909
3119
3633
3150
1952
742
233
722
1922
3128
3635
3140
1938
733
232
731
1935
3138
3634
3130
1926
723
233
740
1950
3147
3634
3120
1911
714
233
750
1963
3157
3634
3110
1898
704
234
760
1976
3167
3633
3100
1884
695
234
770
1991
3176
3633
3091
1870
685
234
780
2005
3187
3632
3083
1855
675
236
791
2019
3195
3632
3069
1841
667
236
802
2033
3205
3632
3060
1827
656
236
812
2047
3214
3630
3050
1814
649
238
822
2059
3224
3629
3040
1800
638
238
832
2074
3234
3628
3029
1785
630
240
845
2088
3243
3626
3018
1772
621
242
855
2101
3251
3625
3008
1758
614
243
865
2116
3260
3624
2997
1743
602
244
876
2129
3269
3621
2985
1730
594
247
887
2142
3277
3620
2975
1716
586
248
898
2157
3285
3618
2964
1703
578
250
908
2170
3293
3617
2952
1690
570
251
920
2184
3302
3615
2940
1677
561
253
932
2198
3310
3614
2929
1664
552
254
944
2211
3319
3611
2918
1650
545
257
955
2224
3327
3609
2906
1636
538
260
966
2238
3335
3606
2895
1622
529
262
978
2252
3342
3604
2885
1608
521
265
989
2266
3350
3601
2872
1594
513
267
999
2281
3357
3598
2862
1580
506
271
1012
2293
3365
3595
2850
1568
498
273
1023
2307
3372
3592
2839
1554
492
276
1036
2321
3379
3589
2827
1538
484
280
1048
2334
3387
3585
2814
1524
476
283
1059
2348
3394
3583
2802
1510
469
286
1072
2361
3401
3579
2790
1496
462
290
1084
2375
3407
3574
2779
1483
455
293
1095
2389
3414
3572
2766
1470
449
297
1106
2405
3422
3568
2755
1457
441
301
1119
2417
3430
3564
2741
1443
433
305
1130
2430
3436
3560
2729
1431
427
309
1143
2443
3443
3556
2719
1417
421
313
1154
2456
3448
3552
2705
1404
415
318
1169
2470
3455
3546
2692
1390
409
323
1181
2482
3462
3542
2680
1377
403
328
1194
2497
3467
3536
2667
1364
397
332
1206
2510
3474
3532
2655
1351
391
337
1218
2524
3479
3528
2643
1338
385
342
1230
2536
3484
3523
2630
1326
380
347
1243
2549
3492
3519
2618
1311
373
352
1255
2562
3497
3513
2606
1299
369
358
1268
2575
3502
3508
2593
1286
364
363
1282
2589
3508
3502
2578
1272
357
368
1295
2602
3513
3498
2567
1259
351
373
1307
2614
3518
3492
2554
1247
346
378
1321
2627
3523
3487
2540
1235
341
384
1335
2639
3527
3480
2527
1222
337
390
1347
2651
3532
3475
2514
1210
332
396
1359
2664
3537
3468
2501
1198
328
403
1372
2676
3541
3462
2487
1185
323
408
1387
2688
3546
3456
2472
1171
318
415
1399
2701
3551
3449
2459
1160
313
421
1413
2712
3556
3443
2446
1146
310
427
1426
2724
3560
3437
2432
1135
305
433
1439
2737
3564
3431
2418
1123
301
440
1455
2752
3568
3423
2406
1110
297
448
1467
2764
3572
3416
2393
1098
294
454
1481
2774
3576
3410
2380
1086
289
461
1494
2787
3579
3403
2366
1075
286
468
1508
2798
3582
3396
2353
1062
284
475
1521
2811
3586
3388
2339
1051
280
482
1535
2824
3588
3381
2325
1039
277
489
1548
2835
3592
3374
2312
1027
273
497
1561
2847
3595
3367
2298
1015
270
504
1576
2858
3598
3360
2285
1003
268
511
1589
2870
3600
3352
2270
992
265
519
1603
2882
3603
3344
2257
980
261
527
1617
2892
3607
3337
2243
969
259
534
1630
2904
3608
3329
2231
958
257
543
1643
2915
3611
3321
2216
946
254
551
1657
2926
3613
3313
2202
934
252
558
1671
2937
3615
3305
2189
924
252
566
1685
2949
3617
3295
2174
912
249
575
1698
2961
3618
3287
2162
900
248
584
1711
2971
3620
3279
2148
890
246
592
1725
2983
3622
3271
2135
879
244
601
1738
2993
3623
3262
2121
869
243
609
1753
3006
3624
3254
2107
857
242
617
1766
3015
3627
3246
2092
847
240
626
1781
3026
3627
3237
2079
836
239
635
1796
3036
3629
3226
2064
826
237
643
1810
3048
3630
3217
2050
815
236
654
1823
3058
3632
3208
2037
804
236
663
1837
3068
3632
3199
2023
794
235
671
1850
3078
3633
3190
2011
784
234
682
1864
3088
3633
3179
1995
773
233
691
1878
3098
3634
3170
1982
763
233
700
1893
3108
3634
3160
1968
753
232
710
1907
3118
3634
3151
1953
743
233
720
1921
3127
3635
3141
1940
734
233
730
1934
3137
3634
3132
1927
723
232
739
1948
3147
3634
3122
1912
715
233
749
1961
3156
3635
3112
1899
705
233
759
1975
3165
3633
3102
1886
695
234
768
1989
3175
3633
3092
1870
686
235
778
2003
3187
3633
3084
1858
677
235
789
2017
3195
3632
3073
1843
667
236
800
2032
3204
3631
3061
1828
657
236
810
2045
3213
3630
3051
1815
650
237
820
2058
3223
3629
3041
1802
640
238
831
2072
3233
3628
3031
1787
631
240
843
2086
3242
3626
3020
1774
622
242
854
2098
3250
3625
3009
1760
615
242
864
2114
3259
3624
2997
1746
604
244
875
2128
3267
3623
2987
1731
595
245
885
2141
3276
3621
2977
1718
587
247
896
2155
3284
3619
2965
1704
579
249
907
2169
3293
3617
2954
1690
571
251
919
2182
3301
3616
2941
1679
562
253
931
2196
3310
3614
2931
1665
554
253
942
2209
3319
3611
2920
1651
545
256
953
2223
3325
3609
2909
1638
538
259
965
2237
3335
3607
2897
1623
529
262
976
2251
3342
3604
2886
1609
521
265
987
2265
3349
3601
2874
1596
514
267
998
2280
3357
3598
2864
1583
507
270
1009
2292
3364
3595
2852
1569
498
273
1022
2305
3372
3593
2840
1555
492
276
1033
2319
3378
3590
2828
1540
485
279
1045
2333
3386
3586
2816
1524
477
283
1058
2346
3392
3583
2804
1512
469
286
1070
2361
3400
3579
2792
1498
464
289
1081
2373
3408
3576
2779
1485
457
293
1093
2386
3414
3572
2768
1472
449
297
1104
2403
3421
3568
2757
1459
441
301
1117
2415
3429
3565
2743
1447
436
305
1129
2429
3436
3560
2731
1432
429
309
1142
2441
3442
3556
2720
1420
421
313
1154
2455
3448
3552
2707
1406
417
317
1167
2469
3455
3548
2694
1391
409
323
1180
2482
3460
3542
2682
1379
404
327
1192
2495
3466
3538
2669
1366
397
331
1204
2508
3472
3534
2656
1354
392
335
1217
2523
3478
3528
2645
1339
387
341
1228
2535
3484
3523
2632
1328
379
345
1241
2547
3491
3519
2619
1314
374
351
1254
2560
3495
3514
2607
1301
370
357
1266
2574
3502
3508
2594
1287
364
362
1279
2586
3507
3504
2581
1273
358
368
1293
2600
3512
3498
2568
1261
352
373
1306
2613
3518
3492
2556
1249
347
378
1319
2625
3522
3487
2542
1236
342
384
1333
2637
3528
3481
2528
1224
337
389
1345
2650
3532
3474
2515
1211
332
395
1359
2662
3537
3469
2502
1199
328
401
1371
2675
3540
3463
2489
1187
323
406
1384
2687
3546
3456
2474
1173
319
413
1398
2699
3551
3451
2461
1162
313
419
1411
2711
3556
3445
2447
1148
310
426
1424
2723
3560
3438
2434
1136
305
433
1438
2736
3564
3432
2421
1124
301
439
1452
2750
3568
3424
2408
1111
298
446
1465
2762
3570
3418
2395
1100
294
453
1479
2773
3575
3411
2382
1088
290
460
1492
2785
3579
3403
2368
1077
287
467
1506
2796
3582
3396
2353
1064
284
474
1520
2810
3585
3389
2341
1052
280
482
1533
2822
3588
3382
2327
1041
277
488
1546
2834
3592
3375
2314
1029
274
496
1560
2845
3595
3368
2300
1016
271
502
1575
2858
3598
3360
2287
1004
268
510
1588
2868
3600
3353
2272
993
266
518
1602
2880
3604
3345
2259
981
263
526
1615
2891
3606
3338
2245
971
260
534
1628
2904
3608
3331
2232
959
257
542
1641
2914
3611
3321
2217
948
255
550
1655
2925
3613
3314
2204
936
253
558
1669
2937
3615
3306
2189
924
252
566
1683
2948
3617
3297
2176
915
250
574
1696
2960
3618
3289
2163
902
248
582
1710
2970
3620
3280
2150
891
246
591
1723
2981
3622
3272
2136
880
244
600
1737
2992
3624
3263
2122
870
243
609
1750
3004
3624
3255
2108
858
242
617
1766
3015
3627
3246
2094
848
240
625
1780
3024
3628
3238
2079
839
239
634
1795
3035
3629
3227
2066
826
237
643
1809
3045
3630
3219
2052
816
236
652
1821
3055
3631
3210
2039
806
236
661
1834
3066
3633
3201
2026
796
235
671
1849
3077
3633
3191
2011
784
233
681
1862
3087
3633
3181
1995
774
234
690
1878
3097
3634
3172
1983
764
233
700
1891
3107
3634
3161
1970
754
233
709
1905
3116
3634
3152
1955
744
232
719
1918
3127
3635
3142
1942
735
232
728
1932
3135
3634
3132
1929
725
232
737
1946
3145
3634
3124
1914
715
233
747
1959
3155
3634
3113
1901
706
233
757
1973
3165
3634
3103
1886
697
233
767
1987
3174
3633
3094
1873
687
234
777
2001
3184
3633
3085
1859
677
235
788
2015
3194
3632
3075
1845
669
235
798
2031
3203
3632
3062
1831
659
236
810
2044
3212
3631
3053
1817
649
237
819
2056
3221
3630
3042
1804
641
238
829
2070
3233
3628
3032
1790
633
239
841
2084
3241
3626
3022
1776
624
241
852
2097
3249
3626
3010
1762
616
242
862
2112
3258
3625
2999
1747
605
244
873
2126
3267
3623
2989
1733
596
245
884
2140
3275
3621
2977
1719
589
247
895
2154
3284
3619
2966
1706
579
250
905
2167
3292
3618
2955
1693
572
252
916
2180
3299
3616
2943
1681
562
252
929
2194
3307
3614
2932
1666
555
254
941
2207
3317
3612
2921
1653
546
256
952
2221
3325
3610
2909
1640
539
259
964
2233
3333
3607
2898
1625
530
261
975
2249
3341
3605
2888
1611
522
264
986
2263
3348
3601
2876
1598
514
267
997
2276
3356
3599
2865
1584
508
269
1008
2291
3363
3596
2854
1571
499
273
1020
2305
3371
3593
2841
1556
493
275
1033
2318
3378
3591
2830
1542
485
279
1045
2331
3385
3587
2817
1527
478
282
1057
2344
3392
3584
2805
1513
470
285
1068
2359
3399
3580
2793
1500
464
289
1080
2372
3406
3576
2781
1487
457
293
1092
2385
3413
3572
2769
1473
449
297
1103
2401
3420
3568
2758
1460
443
301
1115
2414
3428
3565
2744
1447
437
305
1126
2427
3435
3560
2732
1434
429
307
1140
2440
3441
3557
2722
1421
422
313
1154
2454
3447
3552
2709
1407
417
317
1166
2466
3454
3548
2695
1395
409
321
1178
2480
3460
3543
2683
1380
404
327
1190
2494
3465
3538
2670
1368
397
331
1202
2506
3472
3534
2658
1355
392
335
1215
2519
3478
3529
2647
1341
387
341
1227
2533
3484
3524
2634
1329
381
345
1239
2546
3491
3519
2621
1315
375
350
1251
2558
3496
3515
2609
1302
371
357
1264
2571
3501
3510
2596
1290
365
361
1278
2586
3507
3504
2582
1276
360
368
1291
2599
3512
3499
2570
1263
352
372
1303
2612
3516
3492
2557
1250
348
377
1318
2623
3522
3488
2543
1237
343
383
1331
2635
3526
3481
2530
1225
338
389
1343
2649
3531
3476
2516
1213
333
395
1356
2661
3536
3470
2504
1201
329
401
1369
2673
3541
3464
2490
1188
324
407
1383
2686
3545
3457
2476
1175
319
413
1397
2699
3551
3451
2462
1162
313
418
1410
2710
3556
3446
2449
1149
310
425
1423
2722
3560
3440
2435
1137
306
432
1436
2734
3563
3432
2422
1125
301
439
1452
2749
3567
3425
2410
1113
298
445
1464
2761
3570
3419
2396
1101
295
452
1477
2772
3575
3412
2383
1090
291
459
1490
2784
3578
3404
2369
1077
287
466
1504
2795
3582
3398
2357
1066
284
473
1518
2808
3584
3390
2341
1053
281
481
1532
2820
3587
3383
2329
1041
277
488
1545
2832
3592
3376
2316
1029
274
495
1558
2844
3595
3369
2302
1018
271
501
1573
2856
3597
3362
2289
1006
268
510
1586
2868
3600
3355
2274
994
266
517
1600
2879
3603
3347
2261
983
264
525
1613
2889
3606
3339
2247
972
260
532
1625
2902
3608
3331
2233
961
258
541
1640
2913
3610
3323
2219
949
256
548
1653
2923
3613
3315
2205
938
253
558
1668
2935
3615
3307
2192
928
252
565
1681
2947
3616
3297
2178
916
250
573
1694
2958
3618
3290
2165
904
247
581
1708
2969
3620
3281
2152
892
246
590
1722
2980
3622
3273
2137
882
244
598
1735
2991
3624
3265
2124
871
243
607
1749
3003
3625
3256
2108
860
242
614
1764
3013
3627
3247
2096
849
240
624
1778
3023
3628
3238
2080
839
239
633
1793
3034
3629
3228
2068
828
238
642
1806
3044
3630
3220
2054
818
236
651
1819
3056
3631
3210
2041
807
236
660
1833
3065
3633
3201
2027
796
235
671
1847
3075
3633
3192
2014
785
234
679
1861
3085
3633
3183
1999
776
234
689
1875
3096
3634
3172
1985
765
233
699
1889
3106
3634
3163
1971
756
233
708
1903
3115
3634
3153
1957
745
233
718
1917
3126
3635
3143
1943
736
233
727
1931
3135
3635
3134
1931
726
232
736
1944
3144
3635
3124
1916
717
232
747
1957
3155
3635
3115
1902
707
233
756
1971
3164
3634
3105
1889
697
233
766
1985
3173
3634
3095
1875
687
234
776
2000
3184
3633
3085
1860
679
234
786
2014
3193
3633
3076
1847
671
235
796
2028
3203
3632
3065
1832
659
235
808
2042
3211
3631
3054
1819
651
236
818
2055
3221
3629
3043
1806
643
237
828
2068
3230
3629
3033
1790
633
239
840
2082
3241
3626
3023
1777
625
241
851
2096
3247
3626
3012
1764
617
241
861
2111
3258
3625
3000
1749
606
244
872
2124
3265
3623
2990
1735
598
245
883
2138
3274
3621
2979
1721
589
246
893
2151
3282
3619
2968
1707
581
248
904
2165
3291
3617
2957
1694
574
251
916
2178
3299
3616
2945
1682
564
252
928
2192
3307
3614
2933
1668
556
253
940
2205
3317
3612
2921
1655
546
256
950
2219
3324
3610
2911
1641
539
259
962
2233
3331
3607
2900
1627
530
261
973
2247
3339
3605
2888
1613
523
263
984
2261
3347
3601
2877
1599
515
266
995
2275
3355
3600
2866
1585
508
269
1007
2289
3362
3596
2855
1572
501
272
1018
2303
3371
3593
2843
1558
494
275
1029
2316
3377
3590
2831
1543
486
278
1043
2329
3384
3587
2819
1528
479
282
1055
2343
3391
3584
2807
1515
471
285
1066
2357
3399
3580
2794
1501
465
288
1079
2370
3405
3576
2783
1488
457
292
1091
2384
3412
3573
2771
1475
451
295
1102
2400
3420
3568
2760
1462
444
301
1114
2412
3426
3565
2746
1448
437
304
1126
2425
3432
3562
2734
1435
431
307
1138
2438
3440
3558
2723
1423
423
313
1152
2451
3447
3552
2711
1410
417
317
1164
2466
3452
3548
2697
1395
410
321
1177
2478
3460
3544
2684
1382
405
326
1188
2492
3465
3540
2672
1369
399
331
1202
2504
3471
3534
2660
1356
392
335
1213
2517
3476
3530
2649
1342
388
339
1225
2531
3483
3524
2635
1330
381
345
1238
2544
3490
3519
2622
1317
375
349
1250
2557
3495
3516
2610
1303
371
356
1263
2570
3500
3510
2598
1291
365
361
1277
2584
3506
3505
2585
1278
360
366
1289
2597
3511
3500
2571
1265
355
372
1302
2609
3516
3493
2558
1251
348
377
1315
2622
3521
3489
2545
1239
343
382
1330
2634
3526
3482
2532
1227
339
388
1342
2648
3530
3476
2520
1215
333
394
1355
2659
3536
3470
2505
1203
329
400
1368
2671
3540
3464
2492
1190
324
405
1381
2684
3544
3458
2479
1178
320
412
1395
2696
3550
3452
2464
1164
316
418
1407
2708
3555
3447
2450
1152
311
424
1421
2720
3559
3440
2438
1138
306
431
1434
2732
3563
3432
2423
1127
302
438
1448
2744
3567
3426
2411
1114
298
445
1463
2759
3569
3420
2398
1102
295
451
1476
2770
3574
3412
2385
1091
291
457
1489
2782
3578
3405
2371
1079
287
465
1501
2794
3580
3399
2358
1067
284
472
1516
2807
3584
3392
2345
1055
281
480
1530
2817
3588
3385
2331
1043
278
487
1543
2831
3592
3377
2317
1030
274
493
1556
2842
3594
3370
2304
1019
271
501
1571
2854
3597
3363
2291
1007
268
508
1585
2866
3600
3356
2276
996
266
515
1598
2878
3602
3347
2262
984
264
523
1612
2888
36