2661
1359
395
335
1212
2515
3474
3528
2649
1346
390
341
1225
2529
3481
3524
2636
1333
384
345
1237
2542
3488
3519
2623
1319
378
350
1249
2555
3492
3514
2610
1306
372
357
1262
2568
3497
3509
2598
1294
369
362
1276
2582
3503
3504
2586
1279
362
367
1288
2594
3509
3498
2572
1267
356
372
1301
2607
3514
3493
2559
1254
350
378
1315
2620
3520
3488
2546
1241
346
383
1330
2633
3524
3481
2533
1229
341
389
1341
2646
3528
3476
2521
1217
335
394
1354
2657
3534
3470
2506
1204
331
400
1367
2668
3539
3464
2493
1192
327
406
1380
2681
3542
3456
2480
1179
321
413
1393
2695
3548
3451
2465
1166
317
419
1407
2707
3552
3446
2451
1154
313
425
1419
2718
3556
3440
2438
1141
309
433
1434
2730
3560
3432
2425
1128
305
439
1447
2742
3564
3425
2412
1117
300
445
1461
2757
3568
3420
2399
1105
297
451
1475
2768
3572
3412
2386
1093
293
459
1487
2780
3576
3405
2373
1081
290
466
1501
2792
3580
3398
2360
1070
286
473
1515
2804
3583
3391
2345
1057
282
480
1528
2816
3586
3383
2332
1045
280
487
1542
2828
3590
3376
2319
1033
276
495
1555
2840
3592
3370
2304
1022
273
501
1571
2852
3595
3363
2292
1010
270
509
1584
2864
3598
3355
2278
997
267
516
1597
2875
3600
3347
2264
986
265
524
1611
2887
3603
3339
2249
976
261
532
1624
2897
3605
3331
2236
964
260
540
1637
2909
3609
3323
2222
952
257
547
1651
2920
3611
3315
2209
942
255
556
1665
2932
3613
3307
2194
930
253
564
1679
2942
3614
3298
2181
919
252
573
1691
2955
3617
3291
2169
907
250
581
1705
2965
3618
3282
2155
896
248
589
1718
2977
3620
3274
2140
885
246
597
1732
2987
3621
3265
2127
875
245
607
1746
2998
3622
3256
2113
864
244
614
1761
3010
3625
3247
2099
854
242
624
1774
3020
3625
3240
2084
844
241
632
1788
3030
3627
3229
2071
831
240
641
1803
3040
3628
3220
2057
820
238
651
1816
3053
3629
3211
2045
810
238
659
1830
3062
3630
3203
2030
800
237
669
1844
3072
3631
3193
2017
789
235
679
1858
3081
3632
3183
2003
779
235
688
1872
3093
3632
3173
1988
768
235
698
1886
3102
3633
3164
1974
759
234
707
1901
3112
3633
3155
1960
749
234
717
1914
3122
3632
3144
1947
739
234
726
1928
3131
3633
3135
1934
730
234
736
1940
3142
3633
3126
1919
720
234
745
1954
3151
3632
3116
1905
710
234
755
1968
3160
3633
3106
1892
701
234
765
1983
3169
3632
3096
1878
691
236
775
1995
3179
3631
3088
1863
682
236
784
2010
3189
3631
3077
1850
671
236
796
2024
3199
3630
3067
1836
663
236
806
2038
3208
3630
3055
1822
653
238
816
2052
3218
3628
3045
1809
646
239
828
2065
3227
3628
3035
1794
636
240
838
2079
3237
3626
3024
1780
628
242
849
2092
3246
3624
3013
1766
618
244
860
2108
3255
3624
3004
1753
610
244
871
2122
3263
3622
2992
1738
600
246
881
2134
3271
3620
2981
1724
592
247
892
2148
3279
3618
2969
1711
584
249
903
2162
3288
3617
2958
1697
576
251
915
2174
3295
3616
2947
1685
566
253
927
2189
3305
3613
2935
1672
558
255
938
2203
3313
3611
2924
1659
550
256
949
2216
3321
3609
2913
1644
542
259
960
2231
3329
3606
2902
1632
534
262
972
2244
3337
3603
2890
1617
527
265
982
2257
3345
3601
2880
1603
518
268
994
2271
3352
3599
2868
1589
512
270
1005
2286
3359
3595
2857
1576
504
273
1016
2299
3368
3592
2846
1561
497
276
1029
2312
3374
3590
2834
1546
489
279
1041
2326
3381
3586
2820
1532
482
282
1053
2339
3388
3584
2809
1519
474
285
1065
2353
3395
3580
2796
1506
468
289
1077
2367
3403
3576
2785
1492
461
293
1089
2380
3408
3572
2773
1478
454
296
1100
2396
3417
3568
2762
1464
447
301
1111
2408
3424
3565
2750
1452
440
304
1124
2421
3432
3560
2737
1439
433
309
1136
2434
3437
3557
2725
1427
426
313
1148
2448
3444
3552
2711
1413
421
317
1162
2462
3449
3548
2699
1399
413
321
1174
2476
3456
3544
2687
1386
407
325
1186
2488
3463
3539
2675
1372
401
330
1198
2501
3468
3535
2662
1359
395
336
1211
2514
3474
3529
2650
1346
390
340
1223
2529
3480
3524
2637
1334
384
345
1235
2541
3489
3520
2625
1320
378
350
1249
2554
3492
3515
2613
1307
373
355
1261
2567
3498
3510
2600
1295
368
362
1273
2579
3503
3505
2586
1279
362
367
1287
2594
3509
3500
2573
1267
357
372
1300
2606
3514
3493
2561
1255
351
376
1314
2619
3519
3489
2547
1243
346
382
1327
2630
3523
3482
2534
1230
341
388
1340
2644
3528
3476
2523
1218
336
394
1353
2655
3534
3470
2508
1205
331
400
1366
2667
3538
3465
2495
1193
327
405
1378
2681
3542
3458
2482
1181
322
412
1391
2692
3546
3452
2466
1168
318
419
1406
2707
3551
3447
2453
1154
313
423
1418
2717
3556
3440
2440
1142
309
432
1432
2728
3560
3432
2427
1131
305
437
1445
2741
3564
3426
2414
1118
301
444
1460
2755
3568
3420
2401
1106
297
451
1472
2767
3572
3412
2387
1094
294
457
1486
2779
3576
3406
2375
1083
289
465
1500
2790
3579
3398
2361
1071
286
471
1512
2802
3582
3392
2347
1059
283
479
1526
2814
3585
3386
2334
1047
280
486
1540
2827
3589
3377
2321
1034
276
493
1553
2839
3592
3371
2306
1023
274
500
1569
2850
3595
3364
2293
1011
270
507
1581
2862
3598
3356
2280
999
268
515
1595
2874
3601
3348
2265
987
265
523
1608
2885
3603
3340
2251
977
262
530
1621
2896
3606
3333
2238
966
260
538
1636
2908
3608
3325
2223
953
258
547
1649
2920
3610
3317
2210
943
255
556
1662
2930
3613
3307
2197
932
253
564
1676
2941
3615
3299
2183
920
252
572
1690
2953
3617
3292
2170
908
250
580
1704
2964
3617
3283
2156
897
248
588
1717
2975
3620
3275
2143
887
246
597
1730
2986
3622
3267
2128
876
246
605
1744
2997
3623
3258
2115
866
244
613
1760
3009
3624
3249
2101
855
242
622
1773
3018
3625
3241
2086
845
241
631
1786
3029
3627
3232
2072
832
239
640
1801
3040
3628
3221
2060
822
238
648
1814
3051
3629
3213
2046
812
238
658
1828
3060
3630
3203
2032
800
237
669
1842
3070
3631
3194
2019
790
236
678
1856
3081
3632
3185
2004
781
235
687
1870
3090
3632
3175
1990
769
235
696
1884
3101
3633
3165
1976
760
234
706
1899
3111
3633
3156
1962
750
234
715
1912
3121
3633
3146
1949
740
234
724
1925
3130
3633
3136
1935
731
234
735
1938
3140
3633
3127
1921
721
234
744
1953
3149
3633
3118
1908
712
234
753
1967
3159
3633
3107
1894
703
235
763
1981
3168
3632
3097
1880
693
235
773
1995
3177
3631
3088
1866
683
236
784
2008
3187
3630
3077
1852
674
236
795
2023
3198
3630
3068
1838
664
237
805
2037
3207
3629
3056
1824
655
237
815
2049
3216
3629
3047
1810
648
239
826
2063
3226
3628
3035
1797
638
240
836
2077
3236
3626
3025
1782
629
241
848
2091
3245
3624
3015
1768
620
244
858
2106
3252
3624
3005
1754
611
244
870
2119
3262
3621
2993
1739
601
245
879
2133
3270
3620
2982
1726
593
248
890
2147
3279
3618
2971
1713
585
249
901
2160
3287
3617
2961
1699
576
251
912
2173
3295
3616
2949
1688
568
253
924
2188
3303
3613
2937
1673
558
254
936
2201
3312
3612
2925
1660
551
256
948
2215
3320
3609
2914
1646
544
259
959
2229
3327
3607
2903
1632
535
262
970
2241
3336
3604
2892
1619
528
264
981
2257
3343
3602
2881
1604
520
267
992
2269
3352
3599
2870
1591
512
269
1003
2284
3358
3596
2858
1578
505
272
1015
2297
3367
3592
2847
1563
497
275
1027
2310
3372
3590
2836
1550
490
278
1039
2325
3380
3586
2824
1534
483
281
1051
2338
3388
3584
2811
1520
475
285
1062
2352
3395
3581
2799
1507
468
289
1075
2365
3401
3576
2786
1493
461
292
1086
2378
3408
3574
2775
1480
455
296
1098
2392
3415
3570
2764
1467
448
300
1110
2406
3424
3565
2751
1454
441
304
1122
2420
3430
3562
2738
1441
433
307
1134
2433
3436
3559
2726
1428
427
312
1146
2446
3443
3552
2715
1415
421
317
1160
2460
3448
3548
2701
1399
414
321
1172
2474
3456
3544
2689
1387
408
325
1185
2486
3462
3540
2676
1375
403
329
1196
2499
3467
3535
2664
1362
397
334
1210
2513
3473
3530
2652
1349
390
340
1221
2526
3480
3525
2640
1336
385
344
1234
2539
3487
3520
2627
1322
379
349
1246
2552
3492
3516
2614
1309
373
354
1259
2565
3497
3511
2602
1295
369
360
1271
2578
3502
3506
2589
1283
364
366
1285
2592
3508
3500
2576
1269
358
371
1298
2605
3512
3494
2563
1257
352
376
1312
2618
3518
3490
2550
1244
346
382
1326
2630
3523
3482
2536
1232
342
387
1338
2641
3527
3477
2524
1219
337
392
1350
2654
3533
3472
2510
1207
333
398
1364
2666
3538
3465
2497
1195
328
405
1376
2679
3542
3460
2483
1182
322
411
1389
2691
3546
3453
2468
1170
318
417
1403
2704
3552
3447
2455
1157
313
423
1416
2715
3556
3440
2442
1144
310
429
1429
2727
3560
3435
2429
1132
305
437
1444
2739
3564
3428
2416
1119
301
443
1458
2754
3567
3420
2402
1108
298
450
1471
2765
3572
3414
2390
1095
294
457
1484
2778
3575
3406
2377
1084
290
465
1498
2789
3578
3399
2363
1073
287
471
1512
2801
3582
3392
2349
1061
283
477
1526
2813
3584
3386
2335
1048
281
485
1539
2824
3588
3379
2322
1037
277
492
1552
2838
3592
3372
2309
1024
273
499
1568
2848
3594
3364
2294
1013
271
506
1580
2860
3597
3356
2282
1001
268
514
1593
2873
3600
3350
2266
989
266
522
1608
2885
3602
3341
2253
979
263
530
1619
2895
3606
3334
2239
967
261
538
1633
2906
3608
3326
2225
955
257
546
1647
2918
3610
3318
2212
944
255
554
1661
2929
3613
3309
2198
932
253
563
1675
2940
3615
3300
2184
922
252
570
1689
2951
3617
3293
2172
909
250
578
1702
2963
3618
3284
2157
899
248
588
1714
2973
3620
3276
2144
888
247
595
1729
2985
3621
3268
2130
877
245
604
1742
2995
3623
3259
2116
867
244
612
1757
3008
3624
3250
2104
856
242
621
1771
3017
3625
3242
2088
845
240
629
1784
3028
3627
3234
2075
834
239
638
1799
3038
3628
3223
2061
824
238
647
1813
3049
3629
3214
2047
812
237
657
1826
3059
3630
3204
2033
802
237
665
1840
3069
3632
3195
2020
792
236
676
1855
3078
3632
3187
2006
782
235
685
1869
3090
3633
3177
1991
770
234
695
1882
3100
3633
3167
1978
761
234
704
1896
3110
3633
3157
1964
751
234
714
1910
3120
3633
3147
1950
742
234
723
1923
3128
3633
3137
1936
733
234
733
1936
3139
3633
3127
1924
722
233
742
1951
3149
3633
3118
1909
713
235
752
1964
3158
3633
3109
1896
704
235
762
1979
3167
3632
3099
1882
694
235
772
1993
3177
3632
3090
1868
684
236
783
2007
3187
3631
3080
1853
675
236
793
2020
3197
3631
3069
1840
665
237
804
2035
3205
3630
3058
1825
656
238
814
2048
3215
3629
3048
1811
647
239
824
2062
3225
3628
3037
1798
638
240
835
2076
3235
3626
3027
1783
630
240
847
2089
3244
3625
3016
1770
621
243
856
2104
3252
3624
3007
1756
613
244
868
2118
3261
3622
2994
1741
602
245
878
2132
3269
3620
2983
1727
594
247
889
2145
3278
3619
2972
1714
585
249
900
2158
3285
3617
2961
1701
578
251
912
2172
3294
3616
2949
1689
569
253
924
2186
3303
3614
2937
1675
561
255
936
2199
3311
3612
2927
1662
552
256
946
2213
3319
3610
2915
1648
544
258
958
2226
3327
3607
2904
1634
536
261
968
2240
3335
3604
2892
1620
528
263
980
2253
3343
3602
2882
1605
520
266
990
2267
3351
3599
2871
1593
513
269
1001
2283
3358
3596
2860
1580
506
272
1013
2296
3365
3593
2848
1566
498
275
1027
2309
3372
3591
2837
1552
491
278
1037
2323
3379
3587
2824
1536
483
282
1049
2336
3387
3585
2812
1522
476
285
1061
2350
3394
3582
2800
1508
469
287
1074
2363
3402
3578
2788
1495
463
292
1085
2377
3408
3574
2776
1482
455
295
1096
2391
3415
3570
2764
1469
449
300
1109
2406
3423
3566
2752
1455
441
303
1121
2418
3430
3562
2739
1443
433
307
1134
2431
3436
3558
2729
1430
428
312
1145
2444
3442
3552
2716
1415
421
315
1158
2458
3448
3549
2702
1403
415
320
1170
2472
3455
3544
2690
1389
409
325
1183
2485
3461
3540
2678
1375
403
329
1195
2498
3467
3536
2666
1363
397
333
1208
2511
3473
3531
2653
1350
391
337
1219
2526
3480
3526
2641
1338
385
344
1233
2538
3485
3521
2628
1324
380
348
1244
2550
3491
3516
2616
1311
374
354
1257
2563
3496
3512
2602
1297
369
360
1270
2576
3501
3507
2590
1285
365
365
1283
2591
3507
3501
2576
1271
358
370
1296
2602
3512
3495
2564
1259
351
375
1311
2615
3518
3491
2551
1246
346
381
1324
2628
3522
3483
2538
1234
343
387
1337
2639
3527
3478
2525
1220
337
392
1349
2653
3532
3472
2511
1209
333
398
1362
2665
3536
3465
2499
1196
328
404
1375
2677
3540
3460
2485
1185
324
410
1387
2689
3546
3454
2470
1170
319
417
1402
2702
3550
3448
2456
1158
313
422
1415
2712
3556
3442
2443
1145
311
429
1427
2725
3559
3435
2431
1133
305
436
1442
2737
3564
3430
2417
1121
301
443
1456
2753
3567
3421
2404
1109
298
449
1469
2764
3571
3415
2391
1096
294
456
1483
2776
3575
3407
2377
1085
291
463
1496
2788
3578
3401
2364
1074
288
470
1511
2800
3581
3394
2349
1061
284
477
1524
2812
3584
3387
2337
1049
281
484
1536
2824
3588
3379
2323
1037
277
491
1550
2836
3592
3372
2310
1025
273
498
1566
2848
3594
3365
2296
1014
271
506
1579
2860
3598
3358
2283
1002
269
514
1592
2871
3600
3350
2269
990
266
521
1605
2883
3602
3342
2255
980
262
529
1617
2893
3605
3335
2241
969
261
537
1632
2905
3608
3327
2227
956
258
545
1646
2917
3610
3318
2214
946
256
554
1659
2927
3612
3311
2200
934
254
561
1673
2938
3614
3301
2186
924
253
570
1687
2949
3616
3293
2173
912
251
577
1700
2961
3617
3286
2160
901
248
586
1714
2973
3620
3278
2146
889
247
594
1727
2983
3621
3269
2132
878
245
602
1740
2994
3623
3260
2118
867
244
612
1754
3007
3624
3251
2106
856
242
619
1769
3016
3625
3244
2090
847
240
628
1783
3026
3627
3235
2076
835
239
638
1798
3038
3628
3224
2063
825
238
646
1810
3048
3629
3215
2048
814
237
655
1825
3058
3630
3206
2035
804
237
664
1838
3068
3632
3197
2022
794
236
675
1852
3078
3632
3187
2007
784
234
684
1866
3088
3632
3178
1994
772
235
693
1881
3099
3633
3168
1979
762
234
703
1894
3109
3633
3158
1966
753
234
712
1908
3119
3633
3149
1951
743
235
722
1922
3127
3633
3139
1938
734
233
732
1935
3138
3634
3129
1925
723
233
741
1949
3147
3633
3120
1910
714
234
751
1964
3157
3633
3110
1897
704
235
761
1977
3167
3632
3100
1884
695
235
770
1991
3175
3632
3090
1870
685
236
782
2005
3187
3632
3081
1856
676
236
792
2019
3197
3631
3069
1841
667
236
802
2033
3203
3630
3059
1827
657
237
812
2047
3213
3628
3049
1813
648
239
823
2060
3223
3628
3039
1801
640
240
833
2074
3234
3627
3028
1786
631
241
846
2088
3242
3625
3018
1772
621
243
856
2101
3250
3625
3008
1758
615
243
866
2116
3260
3623
2996
1742
603
245
877
2130
3268
3621
2985
1730
595
247
887
2143
3277
3619
2973
1715
586
248
899
2157
3285
3617
2963
1702
579
251
909
2170
3293
3616
2952
1689
569
252
921
2184
3301
3614
2939
1677
562
253
933
2198
3309
3612
2928
1664
553
256
945
2211
3317
3610
2917
1650
546
258
956
2224
3325
3608
2905
1636
538
261
967
2238
3334
3604
2894
1622
529
264
979
2251
3341
3602
2884
1607
522
267
989
2266
3349
3599
2872
1595
514
269
1001
2281
3356
3596
2861
1581
507
272
1012
2293
3363
3593
2850
1569
499
276
1025
2307
3371
3590
2838
1554
493
278
1037
2321
3377
3587
2824
1539
485
281
1048
2333
3385
3584
2813
1524
478
284
1060
2347
3391
3580
2800
1510
470
288
1073
2361
3400
3576
2789
1497
464
292
1085
2375
3406
3573
2778
1484
457
296
1095
2389
3413
3570
2765
1471
450
300
1107
2405
3420
3566
2754
1457
443
303
1120
2416
3428
3562
2740
1445
437
308
1131
2430
3432
3557
2729
1431
429
311
1144
2442
3440
3552
2717
1419
422
315
1157
2456
3448
3548
2703
1404
417
321
1170
2470
3453
3544
2691
1390
409
325
1182
2482
3460
3540
2679
1378
404
329
1194
2496
3466
3536
2667
1365
398
333
1206
2509
3472
3531
2654
1352
393
339
1218
2523
3477
3526
2642
1339
386
343
1231
2536
3484
3521
2630
1326
380
349
1243
2549
3491
3516
2617
1312
375
353
1256
2561
3495
3512
2604
1300
371
359
1269
2574
3502
3507
2592
1286
365
364
1282
2588
3507
3502
2578
1272
359
370
1295
2602
3511
3496
2566
1260
354
375
1309
2614
3516
3491
2552
1247
347
380
1321
2626
3521
3484
2539
1235
343
386
1335
2638
3526
3479
2526
1222
338
391
1347
2651
3532
3472
2514
1210
333
397
1360
2663
3536
3466
2500
1198
329
404
1373
2676
3540
3460
2486
1186
324
409
1387
2687
3544
3455
2471
1172
319
416
1399
2700
3548
3448
2458
1161
313
421
1413
2712
3554
3442
2446
1147
311
429
1427
2723
3558
3436
2432
1136
307
433
1440
2736
3562
3429
2418
1123
302
441
1455
2751
3566
3421
2406
1110
299
449
1468
2763
3570
3415
2393
1099
295
455
1482
2774
3574
3408
2379
1087
291
463
1494
2786
3576
3402
2366
1076
288
469
1508
2798
3581
3395
2353
1063
285
477
1522
2810
3584
3387
2339
1052
281
483
1535
2821
3586
3380
2325
1040
278
491
1548
2834
3591
3373
2312
1027
275
498
1563
2846
3594
3366
2297
1015
272
505
1577
2858
3596
3358
2285
1004
269
513
1590
2869
3599
3351
2270
993
267
521
1604
2880
3601
3343
2257
981
264
529
1617
2890
3604
3335
2243
971
261
536
1629
2904
3607
3327
2229
959
258
544
1644
2914
3609
3319
2215
948
256
552
1657
2925
3612
3311
2201
936
254
561
1672
2937
3614
3302
2188
925
253
569
1685
2949
3616
3294
2174
914
251
577
1698
2961
3617
3287
2161
902
248
585
1712
2971
3618
3278
2148
890
248
594
1725
2982
3620
3269
2134
880
245
602
1739
2992
3622
3261
2120
870
244
611
1753
3005
3624
3253
2108
858
243
618
1767
3015
3625
3244
2092
848
241
627
1781
3025
3626
3235
2078
836
240
636
1796
3035
3628
3225
2064
827
239
645
1810
3047
3629
3216
2050
816
238
654
1823
3057
3629
3207
2037
805
237
663
1836
3066
3631
3198
2023
796
236
674
1850
3078
3632
3187
2010
784
236
683
1864
3086
3632
3178
1995
774
235
692
1878
3098
3632
3169
1981
764
234
702
1893
3107
3633
3159
1967
754
234
711
1906
3118
3633
3150
1953
744
235
721
1920
3126
3633
3140
1940
735
234
731
1934
3135
3633
3130
1927
725
234
740
1948
3146
3633
3120
1913
715
234
750
1961
3155
3632
3111
1899
705
235
760
1975
3165
3632
3101
1886
697
235
769
1989
3174
3632
3091
1870
687
236
780
2003
3185
3631
3082
1858
677
236
790
2017
3194
3631
3072
1843
668
237
800
2031
3203
3630
3060
1829
659
238
811
2045
3211
3629
3050
1815
649
239
822
2058
3222
3627
3040
1802
641
240
832
2072
3232
3625
3029
1787
633
241
844
2085
3241
3625
3019
1773
624
243
855
2099
3248
3624
3009
1760
616
244
864
2114
3258
3622
2997
1745
606
246
876
2128
3266
3620
2985
1732
597
247
887
2142
3275
3618
2975
1718
589
249
897
2156
3283
3617
2964
1705
580
251
908
2169
3291
3616
2952
1690
572
253
921
2182
3299
3614
2941
1679
563
254
932
2196
3307
3612
2929
1665
555
256
944
2209
3317
3610
2918
1651
546
258
955
2223
3324
3607
2906
1638
538
261
966
2237
3333
3605
2896
1624
529
263
977
2250
3340
3602
2885
1609
522
265
988
2265
3348
3600
2874
1596
515
268
999
2279
3355
3598
2862
1583
508
271
1011
2292
3363
3594
2851
1570
500
275
1022
2305
3371
3591
2840
1555
493
277
1035
2320
3377
3588
2828
1540
485
280
1047
2333
3385
3585
2814
1524
479
284
1058
2346
3391
3582
2803
1512
471
287
1071
2360
3400
3578
2791
1499
465
291
1083
2373
3406
3574
2779
1485
457
295
1094
2387
3412
3571
2768
1472
450
298
1105
2403
3420
3567
2756
1459
443
303
1118
2414
3426
3563
2743
1446
437
306
1129
2428
3432
3559
2730
1432
429
311
1142
2440
3440
3555
2719
1420
423
313
1154
2454
3447
3552
2705
1406
418
319
1168
2469
3454
3545
2692
1391
410
324
1180
2481
3459
3540
2680
1379
404
328
1193
2494
3465
3537
2668
1366
399
333
1204
2507
3471
3532
2655
1354
393
337
1218
2522
3477
3527
2644
1340
388
342
1229
2534
3483
3522
2632
1328
381
347
1241
2547
3491
3516
2619
1314
376
353
1255
2560
3494
3512
2606
1301
372
359
1267
2573
3500
3507
2594
1289
366
364
1279
2586
3506
3502
2580
1275
360
370
1293
2600
3511
3496
2566
1262
355
374
1307
2612
3516
3492
2555
1249
348
380
1319
2625
3520
3484
2541
1236
344
385
1334
2637
3526
3480
2528
1224
339
391
1346
2650
3529
3473
2514
1212
333
396
1359
2662
3536
3468
2502
1200
329
403
1371
2674
3540
3461
2488
1187
325
409
1385
2686
3544
3455
2474
1174
320
415
1399
2699
3548
3448
2460
1162
316
421
1412
2710
3552
3443
2447
1149
313
427
1425
2723
3559
3438
2434
1137
307
433
1439
2735
3562
3430
2420
1125
302
441
1452
2750
3566
3422
2407
1111
300
448
1466
2762
3568
3416
2394
1100
296
454
1480
2773
3573
3409
2381
1089
291
462
1493
2784
3577
3402
2368
1077
288
468
1506
2796
3580
3395
2353
1065
285
475
1520
2809
3584
3388
2341
1053
282
482
1534
2821
3586
3381
2326
1041
278
489
1546
2834
3591
3374
2313
1029
275
497
1560
2845
3593
3367
2299
1017
271
504
1575
2857
3596
3359
2286
1005
269
511
1589
2868
3600
3352
2272
994
267
519
1603
2879
3601
3344
2259
982
264
527
1616
2890
3604
3336
2245
972
261
534
1629
2902
3607
3328
2231
960
259
543
1642
2913
3609
3321
2217
949
257
550
1657
2925
3612
3313
2204
937
254
558
1670
2935
3613
3303
2189
927
253
568
1684
2947
3616
3295
2175
916
251
576
1696
2959
3617
3287
2164
903
249
584
1709
2970
3619
3279
2150
892
248
592
1723
2981
3620
3271
2136
882
246
601
1738
2991
3622
3262
2122
871
244
610
1750
3004
3624
3254
2108
859
243
618
1766
3014
3626
3246
2094
850
241
626
1780
3024
3626
3237
2079
839
240
635
1795
3034
3628
3227
2066
828
239
643
1808
3045
3628
3217
2052
818
237
653
1821
3056
3629
3207
2038
806
237
661
1835
3066
3632
3199
2025
796
236
671
1850
3076
3632
3190
2011
785
236
682
1863
3086
3632
3179
1995
775
235
691
1878
3096
3632
3170
1983
764
235
701
1892
3106
3633
3160
1969
755
234
710
1905
3116
3633
3151
1955
745
235
720
1919
3126
3632
3141
1941
736
234
730
1932
3135
3633
3131
1929
725
234
738
1946
3145
3633
3123
1914
717
234
749
1960
3154
3633
3112
1900
707
235
759
1973
3163
3632
3102
1886
698
235
768
1987
3173
3632
3092
1873
688
236
779
2001
3184
3631
3084
1858
679
236
789
2016
3194
3630
3073
1845
670
236
800
2031
3203
3630
3062
1830
659
237
810
2043
3211
3629
3051
1817
651
238
820
2056
3221
3628
3041
1804
642
239
831
2070
3230
3627
3031
1789
633
241
843
2084
3240
3625
3020
1775
624
243
854
2097
3248
3625
3009
1762
617
243
863
2113
3257
3623
2998
1747
606
245
874
2126
3265
3621
2988
1734
598
247
885
2140
3274
3619
2976
1720
590
248
896
2153
3282
3617
2965
1706
581
251
907
2167
3290
3616
2954
1692
573
252
919
2180
3299
3614
2942
1680
564
254
930
2193
3307
3612
2931
1667
556
255
942
2207
3315
3610
2920
1653
547
258
953
2221
3323
3608
2909
1640
540
260
964
2233
3331
3605
2898
1625
531
263
976
2249
3340
3602
2887
1612
523
265
986
2263
3347
3600
2876
1598
516
269
997
2276
3355
3597
2864
1585
510
271
1010
2291
3362
3594
2852
1571
501
274
1021
2304
3370
3591
2840
1557
494
277
1034
2318
3376
3588
2828
1542
486
279
1045
2331
3384
3585
2816
1528
480
283
1057
2344
3391
3583
2804
1513
471
287
1069
2358
3398
3578
2792
1500
465
291
1081
2371
3405
3575
2780
1487
457
294
1093
2385
3412
3571
2768
1474
451
297
1104
2401
3419
3568
2757
1461
444
302
1116
2413
3426
3563
2743
1447
438
306
1128
2426
3432
3560
2732
1434
432
310
1141
2439
3439
3556
2721
1421
425
313
1154
2453
3446
3552
2709
1407
418
319
1166
2466
3452
3546
2695
1393
411
323
1178
2480
3459
3541
2682
1381
405
328
1191
2493
3465
3537
2670
1368
399
332
1203
2506
3470
3532
2658
1355
394
337
1216
2518
3476
3527
2646
1341
388
341
1227
2533
3482
3523
2634
1330
382
347
1240
2546
3489
3517
2620
1315
376
352
1253
2559
3494
3512
2608
1303
372
358
1266
2571
3500
3508
2596
1290
367
363
1279
2586
3504
3502
2582
1277
361
368
1291
2598
3510
3497
2569
1263
356
373
1305
2610
3515
3492
2556
1251
349
379
1318
2623
3520
3487
2542
1238
345
385
1332
2635
3525
3480
2530
1226
341
390
1344
2648
3529
3474
2516
1214
334
396
1358
2660
3534
3468
2503
1201
330
402
1370
2673
3540
3462
2490
1189
325
407
1383
2684
3544
3456
2475
1176
321
414
1397
2697
3548
3450
2462
1162
317
421
1410
2711
3552
3444
2449
1150
312
426
1423
2721
3558
3437
2435
1138
307
433
1437
2733
3562
3431
2421
1126
303
440
1451
2745
3566
3424
2409
1113
300
447
1465
2760
3568
3417
2396
1101
297
453
1478
2771
3573
3410
2383
1090
293
461
1492
2783
3576
3403
2369
1079
289
467
1504
2795
3580
3396
2355
1067
286
475
1519
2807
3583
3388
2342
1053
282
481
1532
2819
3587
3382
2329
1041
279
489
1545
2832
3590
3374
2315
1030
275
496
1559
2842
3593
3368
2301
1019
273
502
1573
2856
3596
3361
2289
1006
269
511
1587
2866
3599
3353
2273
995
267
518
1600
2877
3601
3345
2261
984
264
526
1613
2889
3604
3337
2247
973
261
534
1625
2900
3606
3329
2233
962
259
542
1641
2912
3608
3322
2219
950
257
550
1654
2922
3611
3314
2205
939
255
558
1667
2934
3613
3306
2191
928
253
566
1682
2946
3616
3296
2177
916
251
574
1694
2957
3617
3289
2165
904
250
582
1708
2968
3618
3280
2151
893
248
591
1721
2979
3620
3271
2137
883
247
599
1736
2989
3622
3263
2124
872
245
608
1750
3000
3623
3255
2111
861
244
616
1764
3012
3625
3246
2096
851
241
626
1778
3022
3625
3238
2081
841
240
635
1793
3033
3627
3227
2068
829
239
643
1806
3043
3628
3219
2054
819
238
652
1819
3054
3629
3209
2041
808
238
661
1833
3062
3630
3200
2027
796
236
671
1847
3074
3632
3191
2013
787
236
681
1861
3084
3632
3180
1999
777
236
690
1876
3094
3632
3171
1984
767
235
700
1890
3104
3632
3162
1971
757
234
709
1903
3114
3632
3152
1957
746
235
719
1917
3124
3633
3142
1943
737
235
729
1931
3133
3633
3132
1931
727
235
737
1944
3143
3633
3124
1916
718
235
748
1958
3153
3633
3114
1902
709
234
757
1971
3163
3633
3104
1889
699
235
767
1985
3171
3632
3094
1874
690
236
777
2000
3182
3631
3085
1860
679
236
788
2014
3192
3632
3075
1846
671
236
799
2028
3201
3630
3062
1832
660
237
808
2041
3210
3629
3053
1819
651
238
820
2054
3220
3628
3042
1806
644
239
830
2068
3228
3627
3033
1790
634
241
841
2082
3239
3625
3022
1777
625
242
852
2096
3247
3625
3010
1764
617
243
862
2111
3256
3623
2999
1749
607
244
872
2124
3265
3621
2989
1735
598
246
884
2138
3273
3620
2978
1721
590
248
894
2152
3281
3618
2967
1707
582
250
905
2165
3290
3616
2955
1694
574
252
916
2178
3298
3615
2943
1681
565
253
929
2192
3307
3613
2933
1668
557
255
940
2206
3315
3611
2921
1655
548
257
952
2219
3323
3608
2910
1640
541
260
963
2233
3331
3606
2899
1627
532
263
974
2246
3339
3603
2888
1613
524
265
984
2261
3346
3600
2877
1599
517
268
997
2274
3354
3598
2865
1586
510
270
1008
2289
3361
3595
2854
1572
503
274
1019
2302
3369
3591
2842
1558
495
275
1032
2317
3376
3589
2831
1544
487
280
1044
2329
3383
3585
2818
1529
481
283
1056
2342
3389
3583
2805
1516
473
286
1068
2356
3397
3579
2794
1502
466
289
1079
2369
3404
3575
2782
1489
459
294
1092
2383
3411
3572
2770
1475
452
298
1102
2399
3419
3568
2759
1462
445
302
1115
2412
3425
3564
2745
1448
439
305
1126
2425
3432
3560
2734
1435
433
310
1140
2438
3439
3556
2722
1423
425
313
1152
2451
3445
3552
2709
1410
419
319
1165
2466
3451
3546
2696
1397
413
323
1178
2478
3458
3541
2683
1383
406
327
1189
2491
3464
3538
2672
1370
400
331
1202
2504
3469
3534
2659
1356
394
336
1214
2517
3475
3528
2647
1343
389
341
1226
2531
3481
3523
2635
1331
382
346
1239
2544
3489
3518
2622
1317
377
352
1251
2557
3493
3514
2610
1305
372
357
1263
2569
3498
3508
2596
1292
367
363
1277
2582
3504
3503
2584
1279
362
369
1290
2596
3509
3498
2570
1265
356
373
1303
2609
3514
3492
2558
1253
351
379
1317
2622
3520
3488
2544
1241
345
384
1331
2634
3524
3480
2531
1228
340
389
1343
2647
3529
3475
2517
1215
335
396
1355
2659
3535
3469
2505
1203
331
401
1369
2671
3539
3464
2491
1190
326
407
1381
2683
3542
3456
2477
1177
321
414
1395
2695
3548
3451
2463
1165
317
420
1409
2710
3552
3444
2450
1153
313
425
1421
2719
3557
3439
2437
1140
308
433
1435
2731
3560
3432
2423
1127
304
440
1448
2743
3565
3424
2411
1115
301
446
1463
2759
3568
3418
2398
1103
297
453
1476
2769
3572
3412
2385
1092
293
459
1489
2782
3576
3404
2371
1080
289
466
1502
2794
3580
3397
2357
1069
286
473
1517
2805
3583
3390
2343
1056
283
481
1530
2817
3586
3383
2330
1044
280
488
1544
2830
3590
3376
2317
1031
276
495
1557
2841
3592
3369
2303
1021
273
502
1572
2854
3596
3361
2291
1008
270
510
1585
2865
3598
3354
2275
997
267
518
1599
2876
3601
3346
2262
984
265
525
1612
2887
3603
3339
2249
974
262
533
1625
2898
3606
3331
2233
964
259
541
1639
2909
3608
3323
2221
951
258
548
1652
2921
3610
3315
2207
940
255
558
1665
2932
3613
3307
2193
929
253
565
1680
2945
3615
3297
2180
918
252
573
1693
2956
3617
3290
2167
905
250
582
1706
2966
3618
3281
2152
896
248
590
1720
2977
3620
3274
2139
884
246
598
1734
2988
3621
3264
2124
873
244
607
1748
2999
3623
3256
2112
863
244
615
1762
3010
3625
3247
2097
852
242
623
1776
3021
3626
3239
2083
842
241
633
1790
3032
3627
3228
2069
830
239
642
1805
3041
3629
3220
2056
820
239
651
1818
3053
3629
3211
2043
809
238
660
1831
3062
3631
3202
2029
800
237
670
1845
3073
3632
3192
2015
788
235
679
1860
3082
3632
3183
2001
778
235
689
1874
3094
3632
3172
1986
768
235
698
1888
3103
3632
3163
1973
758
235
707
1902
3113
3632
3153
1958
748
235
718
1916
3123
3633
3144
1945
738
234
727
1929
3131
3634
3134
1933
728
234
736
1943
3142
3633
3125
1918
719
234
746
1956
3151
3633
3115
1903
710
235
756
1970
3161
3633
3105
1890
700
235
766
1983
3170
3632
3095
1877
691
236
776
1998
3181
3631
3086
1862
681
236
786
2013
3191
3632
3076
1849
671
236
796
2026
3200
3630
3065
1834
661
237
808
2039
3209
3629
3054
1821
653
238
818
2053
3219
3628
3043
1808
645
239
829
2067
3227
3627
3034
1793
635
241
840
2080
3238
3625
3022
1779
626
242
851
2094
3246
3624
3012
1766
618
244
860
2108
3254
3623
3001
1750
608
245
871
2123
3263
3622
2990
1737
600
246
882
2136
3272
3620
2980
1722
591
248
892
2150
3280
3618
2969
1709
582
250
904
2163
3288
3617
2957
1696
574
252
916
2176
3297
3615
2946
1684
566
253
928
2191
3306
3613
2934
1670
558
255
939
2204
3314
3611
2922
1656
549
257
950
2217
3321
3609
2911
1643
542
260
961
2232
3330
3606
2900
1629
533
262
973
2245
3338
3604
2889
1615
526
265
983
2260
3345
3601
2878
1602
518
267
995
2273
3353
3598
2866
1587
511
269
1006
2287
3359
3596
2856
1574
502
273
1018
2300
3369
3592
2844
1560
496
276
1029
2313
3374
3590
2832
1545
488
279
1043
2328
3382
3586
2820
1531
481
283
1053
2341
3388
3583
2807
1517
474
286
1066
2353
3396
3579
2796
1504
466
289
1077
2369
3403
3576
2784
1490
460
293
1089
2381
3410
3572
2772
1477
453
297
1101
2398
3417
3568
2761
1463
446
301
1113
2410
3424
3564
2747
1451
439
304
1125
2423
3432
3560
2735
1437
433
309
1137
2437
3439
3557
2724
1424
425
313
1150
2448
3445
3552
2711
1411
420
317
1163
2464
3451
3548
2698
1398
413
321
1176
2477
3457
3542
2686
1384
407
327
1187
2490
3463
3538
2673
1371
401
331
1201
2502
3468
3533
2661
1359
395
336
1213
2515
3475
3528
2649
1345
390
341
1224
2530
3481
3524
2636
1333
383
346
1237
2542
3488
3518
2624
1319
378
350
1250
2556
3493
3515
2611
1305
372
355
1262
2568
3498
3509
2598
1293
368
361
1276
2580
3503
3504
2586
1279
362
367
1287
2595
3509
3499
2572
1267
356
372
1301
2607
3514
3493
2559
1254
350
377
1315
2620
3519
3489
2546
1241
345
383
1329
2632
3524
3481
2533
1229
341
388
1341
2645
3528
3476
2521
1216
335
394
1354
2657
3534
3469
2506
1205
331
400
1366
2669
3538
3464
2494
1192
326
406
1379
2682
3542
3458
2480
1180
321
413
1393
2695
3548
3451
2465
1166
317
419
1407
2707
3552
3445
2452
1154
313
425
1420
2718
3557
3439
2438
1141
309
433
1433
2730
3560
3432
2426
1129
305
439
1447
2742
3565
3426
2413
1116
301
445
1462
2757
3568
3419
2399
1105
297
452
1475
2768
3573
3412
2386
1093
293
459
1487
2780
3576
3405
2373
1081
289
465
1501
2793
3580
3398
2359
1069
285
473
1516
2804
3583
3391
2345
1057
282
480
1528
2816
3586
3384
2332
1045
280
487
1542
2828
3590
3377
2319
1033
276
495
1555
2840
3592
3370
2305
1022
273
501
1571
2852
3595
3362
2292
1009
270
508
1584
2864
3600
3355
2278
997
267
516
1596
2875
3601
3347
2264
986
265
523
1610
2887
3603
3340
2250
976
261
531
1623
2898
3606
3332
2236
964
260
540
1637
2909
3609
3323
2222
952
257
547
1651
2921
3611
3317
2209
941
255
556
1664
2932
3613
3307
2196
930
253
565
1679
2943
3616
3299
2181
919
252
573
1691
2955
3617
3291
2168
906
249
580
1705
2965
3617
3283
2155
896
248
589
1718
2976
3620
3274
2141
885
246
596
1732
2987
3621
3266
2127
874
244
606
1746
2998
3623
3258
2114
864
243
614
1761
3009
3625
3248
2099
854
242
623
1774
3020
3627
3240
2084
843
240
631
1788
3031
3627
3231
2071
831
239
641
1803
3041
3628
3221
2058
821
238
649
1816
3052
3630
3211
2044
809
237
659
1830
3062
3631
3203
2031
800
236
669
1843
3072
3632
3193
2017
789
236
679
1858
3082
3632
3183
2003
780
235
687
1873
3093
3633
3175
1988
768
235
697
1886
3102
3633
3164
1975
758
234
707
1900
3112
3633
3155
1960
748
234
716
1914
3122
3633
3145
1947
739
235
727
1927
3131
3633
3135
1934
729
234
736
1941
3142
3633
3126
1919
720
234
745
1954
3151
3633
3116
1906
711
235
754
1968
3159
3632
3106
1893
701
235
764
1983
3169
3632
3096
1878
692
235
774
1995
3179
3631
3088
1864
682
236
785
2010
3187
3631
3077
1850
671
236
796
2024
3199
3631
3065
1837
662
236
806
2038
3207
3630
3056
1823
654
238
816
2051
3218
3628
3045
1809
646
239
827
2064
3227
3628
3035
1796
636
240
838
2079
3237
3626
3024
1780
627
241
849
2092
3245
3624
3014
1766
619
243
859
2108
3253
3624
3004
1753
610
244
870
2121
3263
3622
2993
1738
600
245
880
2135
3271
3620
2981
1725
592
248
892
2148
3279
3618
2969
1711
584
250
903
2162
3288
3617
2959
1697
576
251
914
2175
3296
3615
2947
1685
566
253
926
2189
3305
3613
2935
1672
558
255
938
2202
3313
3612
2924
1658
550
256
948
2216
3321
3609
2913
1645
542
259
960
2230
3329
3607
2902
1632
534
261
971
2243
3338
3604
2890
1617
527
264
982
2257
3345
3601
2879
1603
518
267
993
2271
3352
3598
2868
1590
512
269
1004
2286
3359
3596
2856
1576
504
273
1016
2299
3368
3592
2845
1562
497
275
1029
2312
3374
3590
2834
1547
488
279
1041
2326
3381
3586
2820
1532
482
282
1053
2340
3388
3584
2808
1518
473
285
1064
2353
3395
3580
2796
1505
467
288
1076
2367
3403
3576
2785
1492
460
293
1088
2380
3409
3573
2773
1479
453
295
1100
2396
3417
3568
2762
1465
447
301
1111
2409
3424
3566
2749
1452
440
304
1124
2422
3432
3562
2737
1439
433
308
1136
2436
3438
3557
2726
1426
426
313
1148
2448
3444
3552
2711
1413
421
316
1162
2462
3450
3548
2699
1399
413
321
1174
2474
3456
3544
2687
1387
407
325
1187
2488
3463
3539
2675
1373
402
330
1198
2501
3468
3534
2662
1360
395
335
1211
2514
3474
3530
2650
1347
389
339
1223
2528
3480
3525
2638
1334
383
345
1235
2541
3487
3520
2625
1319
378
350
1248
2554
3492
3515
2613
1307
373
355
1261
2566
3497
3510
2600
1295
369
361
1273
2579
3502
3505
2586
1281
363
367
1287
2594
3508
3499
2574
1268
358
372
1299
2606
3513
3494
2561
1255
351
377
1313
2619
3518
3489
2547
1243
346
382
1328
2631
3523
3482
2535
1231
341
388
1339
2644
3528
3476
2522
1218
335
394
1353
2655
3533
3470
2508
1206
332
399
1365
2667
3537
3464
2495
1194
328
406
1379
2680
3541
3458
2482
1182
322
412
1392
2692
3546
3452
2466
1168
318
418
1405
2705
3551
3446
2453
1154
313
424
1418
2716
3556
3440
2440
1142
310
432
1432
2728
3560
3432
2427
1130
305
438
1446
2740
3564
3425
2414
1118
301
445
1460
2755
3567
3419
2401
1106
298
451
1473
2766
3572
3412
2387
1095
294
458
1486
2779
3574
3405
2375
1083
291
465
1500
2790
3578
3398
2361
1071
287
473
1512
2802
3582
3391
2347
1059
284
479
1528
2814
3584
3384
2333
1047
281
487
1540
2824
3588
3377
2320
1035
277
494
1553
2839
3591
3371
2306
1024
274
501
1570
2849
3594
3363
2293
1012
271
508
1582
2862
3597
3355
2280
1000
269
515
1595
2873
3600
3348
2265
988
266
523
1608
2885
3602
3340
2251
978
262
531
1621
2895
3606
3331
2239
966
261
539
1635
2908
3608
3325
2224
954
258
547
1649
2919
3610
3316
2211
944
256
556
1662
2930
3612
3307
2197
932
254
564
1677
2941
3614
3299
2182
920
253
573
1690
2953
3616
3291
2170
908
250
580
1704
2965
3617
3283
2156
898
249
588
1716
2975
3619
3275
2142
887
246
596
1730
2985
3621
3267
2129
876
245
605
1744
2997
3623
3259
2116
866
244
613
1758
3009
3625
3249
2101
855
242
622
1772
3018
3626
3242
2086
845
241
630
1786
3029
3627
3232
2073
832
240
639
1801
3040
3628
3221
2059
823
238
648
1814
3050
3629
3213
2047
812
237
657
1827
3060
3630
3204
2032
801
237
667
1841
3070
3631
3195
2019
791
236
677
1856
3080
3632
3185
2005
781
236
687
1870
3091
3632
3175
1989
769
235
696
1884
3101
3632
3166
1976
760
234
705
1898
3110
3633
3155
1962
750
235
715
1911
3120
3632
3146
1949
741
235
725
1926
3129
3633
3136
1935
731
234
735
1938
3140
3633
3127
1922
721
235
743
1952
3149
3632
3117
1908
711
235
753
1966
3158
3633
3107
1894
703
235
764
1980
3168
3632
3098
1881
693
236
774
1995
3177
3631
3088
1866
683
236
784
2008
3187
3631
3077
1852
674
236
795
2023
3197
3631
3068
1838
664
237
804
2037
3206
3629
3057
1824
655
238
815
2049
3216
3629
3046
1811
647
239
826
2063
3225
3627
3035
1797
638
240
836
2077
3235
3625
3025
1783
629
242
848
2090
3244
3624
3015
1768
620
243
858
2106
3252
3624
3005
1754
611
244
869
2119
3261
3622
2993
1740
602
246
880
2132
3269
3620
2982
1726
593
248
890
2147
3278
3618
2971
1712
585
250
902
2160
3287
3617
2960
1700
577
252
912
2173
3295
3616
2949
1688
568
253
925
2188
3303
3612
2937
1674
558
255
936
2201
3311
3612
2925
1660
551
257
948
2214
3319
3609
2914
1647
544
259
958
2227
3327
3607
2903
1632
535
261
969
2241
3336
3604
2891
1620
528
264
981
2256
3343
3601
2881
1604
520
267
992
2269
3351
3599
2870
1592
513
269
1004
2284
3358
3596
2858
1578
505
273
1015
2297
3367
3593
2846
1563
497
275
1028
2310
3372
3590
2835
1550
491
278
1040
2325
3380
3587
2824
1535
483
282
1051
2338
3387
3584
2810
1520
475
285
1063
2353
3394
3580
2798
1507
469
289
1075
2365
3401
3576
2787
1494
462
293
1086
2377
3408
3573
2775
1480
455
296
1098
2392
3416
3568
2763
1466
449
300
1110
2406
3422
3565
2751
1453
441
304
1122
2420
3430
3560
2737
1441
433
307
1134
2433
3436
3558
2727
1428
427
313
1146
2446
3443
3552
2715
1415
421
316
1160
2459
3448
3548
2700
1402
415
321
1172
2473
3455
3544
2688
1388
409
326
1185
2486
3461
3540
2676
1375
403
329
1197
2499
3467
3534
2663
1362
397
334
1209
2512
3472
3530
2651
1349
391
339
1221
2526
3480
3525
2640
1336
385
345
1234
2540
3487
3520
2627
1322
380
349
1246
2552
3492
3516
2614
1309
374
355
1259
2565
3497
3511
2602
1296
369
360
1271
2576
3502
3505
2589
1284
364
366
1285
2592
3508
3500
2575
1269
358
372
1298
2604
3512
3495
2562
1256
352
376
1311
2617
3518
3491
2549
1245
347
382
1325
2629
3523
3482
2536
1232
342
388
1338
2642
3526
3478
2525
1219
337
392
1350
2654
3532
3472
2510
1207
332
399
1364
2666
3538
3464
2497
1195
327
404
1376
2679
3541
3459
2483
1183
323
411
1390
2691
3545
3452
2468
1170
319
417
1404
2704
3552
3447
2455
1158
313
423
1417
2714
3556
3440
2442
1144
309
430
1430
2726
3560
3434
2430
1132
305
437
1443
2739
3564
3428
2416
1119
301
443
1458
2754
3567
3421
2402
1107
297
449
1471
2765
3571
3413
2389
1096
294
457
1484
2777
3575
3407
2377
1084
290
464
1498
2789
3578
3400
2363
1072
287
471
1512
2801
3582
3392
2349
1060
284
478
1525
2813
3584
3385
2335
1048
281
485
1539
2824
3588
3378
2321
1036
277
492
1552
2838
3592
3371
2308
1025
274
499
1567
2849
3595
3364
2294
1012
271
506
1580
2860
3598
3356
2282
1001
268
514
1593
2872
3600
3349
2267
989
266
522
1607
2884
3602
3341
2253
979
263
530
1620
2894
3605
3333
2240
967
261
538
1634
2906
3608
3326
2225
956
259
546
1647
2918
3610
3318
2213
944
255
554
1660
2929
3612
3307
2198
933
253
562
1675
2939
3614
3300
2185
922
253
571
1689
2949
3616
3292
2172
910
250
578
1701
2963
3617
3285
2158
899
249
587
1714
2973
3618
3276
2144
889
247
595
1728
2984
3621
3267
2131
878
245
604
1742
2995
3622
3259
2116
867
244
611
1758
3008
3624
3250
2102
856
243
621
1770
3017
3625
3241
2088
846
241
630
1784
3028
3626
3232
2074
834
240
639
1800
3039
3628
3223
2061
824
238
647
1813
3049
3629
3214
2047
812
238
657
1826
3059
3629
3204
2033
803
237
667
1840
3069
3631
3195
2019
793
236
677
1855
3079
3631
3186
2006
782
236
686
1869
3090
3632
3175
1991
772
236
695
1882
3099
3633
3167
1977
761
235
704
1897
3110
3633
3157
1964
751
235
714
1910
3119
3632
3147
1950
742
235
723
1923
3128
3634
3138
1936
733
234
734
1937
3139
3633
3128
1923
722
234
742
1951
3148
3633
3119
1910
713
234
752
1965
3158
3632
3109
1896
703
235
762
1978
3167
3632
3099
1882
694
236
772
1993
3176
3631
3089
1868
685
236
783
2007
3187
3630
3079
1854
675
237
794
2021
3197
3630
3069
1839
665
237
804
2035
3205
3629
3058
1826
656
237
814
2048
3216
3629
3048
1812
647
238
824
2061
3224
3628
3037
1798
640
240
835
2075
3234
3625
3027
1784
630
241
847
2088
3244
3625
3016
1770
621
244
856
2104
3251
3624
3007
1756
614
244
867
2118
3260
3623
2995
1742
602
245
878
2131
3268
3620
2983
1728
595
248
889
2144
3277
3618
2973
1714
586
249
900
2158
3285
3617
2961
1700
577
251
912
2172
3293
3616
2949
1688
569
252
924
2186
3303
3613
2937
1675
561
255
935
2199
3311
3611
2927
1662
553
256
947
2213
3319
3609
2915
1648
544
259
958
2226
3327
3607
2904
1634
538
262
969
2240
3335
3604
2892
1620
529
264
980
2253
3342
3601
2882
1606
522
267
991
2267
3350
3599
2871
1592
513
269
1002
2283
3357
3596
2859
1579
506
272
1013
2295
3365
3592
2848
1567
498
275
1027
2309
3372
3591
2837
1552
491
277
1037
2322
3379
3587
2824
1536
483
282
1049
2335
3386
3584
2812
1523
477
285
1061
2350
3394
3581
2800
1508
469
288
1073
2364
3401
3577
2788
1495
463
291
1085
2376
3407
3573
2776
1482
456
296
1096
2390
3414
3569
2764
1469
449
299
1109
2405
3421
3566
2753
1455
441
303
1121
2418
3429
3562
2739
1443
435
307
1132
2431
3435
3558
2729
1430
429
312
1145
2443
3443
3552
2716
1417
421
315
1158
2458
3448
3550
2703
1403
416
321
1170
2472
3455
3544
2690
1389
409
325
1184
2485
3461
3540
2677
1376
404
329
1196
2498
3466
3535
2665
1363
397
335
1208
2511
3472
3531
2653
1350
391
338
1219
2525
3478
3526
2641
1338
385
343
1232
2537
3485
3521
2629
1325
380
349
1245
2550
3491
3516
2616
1311
374
354
1257
2563
3496
3511
2604
1298
370
360
1270
2575
3501
3506
2590
1285
364
365
1283
2590
3508
3501
2577
1271
358
371
1296
2602
3512
3495
2564
1259
352
375
1310
2615
3517
3490
2551
1247
347
381
1325
2627
3522
3483
2538
1234
343
387
1337
2640
3526
3478
2525
1220
337
392
1349
2652
3532
3472
2511
1209
333
398
1362
2664
3536
3465
2498
1197
329
404
1375
2676
3541
3460
2485
1184
323
410
1388
2689
3545
3453
2469
1170
319
417
1402
2703
3550
3448
2456
1158
313
423
1415
2714
3556
3442
2444
1146
311
429
1428
2725
3559
3434
2430
1134
306
436
1443
2737
3564
3428
2418
1122
302
443
1457
2753
3567
3420
2404
1109
299
449
1470
2764
3570
3414
2391
1097
295
456
1483
2776
3575
3407
2377
1086
291
464
1496
2788
3578
3401
2364
1073
287
470
1511
2800
3581
3393
2349
1061
284
477
1524
2812
3584
3386
2336
1049
281
484
1536
2824
3588
3379
2323
1038
278
492
1550
2836
3591
3372
2310
1025
274
498
1564
2847
3594
3365
2296
1014
271
506
1579
2860
3596
3357
2283
1003
269
513
1592
2871
3600
3350
2269
991
266
521
1605
2883
3602
3342
2254
980
263
530
1617
2893
3605
3335
2241
968
261
537
1632
2905
3608
3327
2227
957
258
544
1645
2917
3610
3319
2214
945
255
553
1659
2928
3612
3311
2200
934
254
562
1673
2938
3614
3301
2186
923
253
570
1687
2949
3616
3293
2173
912
250
578
1699
2961
3617
3285
2160
900
249
586
1713
2973
3619
3277
2145
889
247
594
1727
2983
3621
3269
2132
879
245
604
1741
2993
3623
3261
2118
868
244
611
1756
3007
3624
3252
2105
857
243
620
1770
3016
3625
3243
2089
847
241
628
1783
3026
3627
3235
2076
835
240
638
1798
3038
3628
3223
2062
826
239
647
1811
3049
3629
3215
2048
815
237
655
1825
3058
3629
3205
2035
804
238
665
1839
3068
3631
3196
2022
794
236
675
1853
3078
3632
3187
2007
784
235
684
1866
3088
3632
3177
1993
772
235
694
1882
3099
3632
3167
1979
762
235
703
1894
3109
3633
3158
1965
752
234
713
1909
3119
3633
3148
1951
742
235
722
1922
3127
3633
3139
1938
734
234
733
1935
3138
3633
3128
1925
723
234
741
1950
3148
3633
3119
1910
714
234
751
1963
3156
3633
3110
1897
705
235
761
1977
3167
3632
3100
1884
695
236
771
1992
3176
3631
3090
1870
687
236
782
2005
3186
3631
3081
1855
676
236
792
2019
3195
3631
3069
1841
667
236
803
2033
3204
3630
3059
1827
657
237
812
2047
3213
3628
3049
1813
648
239
823
2060
3223
3628
3038
1801
640
240
834
2074
3232
3626
3028
1786
631
242
846
2088
3242
3625
3017
1772
622
243
856
2102
3250
3624
3008
1758
615
244
866
2116
3260
3622
2995
1743
604
245
878
2129
3268
3620
2985
1730
596
247
888
2144
3277
3618
2973
1716
588
248
899
2157
3284
3617
2963
1702
579
251
910
2171
3292
3616
2949
1689
570
253
922
2184
3302
3614
2939
1677
562
254
933
2197
3307
3612
2927
1664
553
255
945
2211
3318
3609
2917
1649
546
258
956
2225
3325
3608
2906
1636
538
261
968
2238
3335
3604
2894
1622
529
263
979
2252
3342
3602
2884
1607
522
266
989
2266
3350
3600
2872
1594
514
269
1001
2281
3357
3597
2861
1581
506
272
1013
2294
3365
3593
2849
1568
498
275
1025
2307
3371
3590
2837
1553
492
277
1037
2321
3378
3587
2824
1538
484
281
1049
2334
3386
3584
2812
1524
477
284
1061
2349
3393
3581
2801
1510
469
288
1072
2361
3400
3577
2789
1496
463
291
1084
2375
3406
3574
2778
1484
457
295
1095
2389
3414
3570
2765
1470
449
299
1107
2405
3421
3566
2754
1457
443
303
1119
2417
3428
3562
2740
1444
436
307
1131
2430
3435
3558
2729
1431
429
311
1144
2443
3442
3555
2717
1418
422
313
1157
2456
3448
3551
2704
1404
417
320
1170
2470
3454
3545
2692
1391
410
324
1182
2483
3460
3540
2679
1377
404
329
1194
2496
3466
3536
2667
1364
398
333
1206
2508
3472
3532
2654
1352
392
338
1219
2524
3478
3526
2642
1339
387
344
1231
2535
3484
3521
2631
1326
381
347
1243
2549
3491
3516
2618
1313
375
353
1256
2561
3496
3512
2605
1299
371
359
1268
2575
3501
3507
2592
1287
366
364
1282
2586
3507
3502
2578
1273
359
370
1295
2602
3512
3496
2566
1260
353
374
1308
2614
3517
3491
2552
1247
347
380
1321
2626
3523
3484
2540
1235
342
386
1335
2639
3526
3479
2526
1223
338
391
1348
2651
3532
3473
2513
1210
333
397
1360
2663
3536
3466
2500
1198
329
404
1373
2676
3540
3461
2487
1186
324
409
1387
2688
3545
3454
2471
1172
320
416
1399
2700
3548
3448
2458
1160
313
421
1414
2712
3555
3443
2445
1146
311
428
1427
2724
3559
3436
2432
1134
306
433
1440
2736
3564
3430
2418
1123
302
441
1455
2751
3566
3422
2405
1110
299
449
1468
2763
3570
3415
2393
1098
295
455
1481
2775
3574
3408
2380
1087
291
463
1494
2786
3578
3401
2366
1076
287
469
1508
2797
3580
3395
2353
1063
285
477
1522
2810
3584
3387
2339
1051
281
483
1535
2824
3588
3380
2325
1040
278
491
1548
2834
3591
3373
2312
1027
274
498
1562
2846
3594
3366
2298
1015
271
504
1576
2858
3597
3359
2285
1004
269
513
1590
2869
3599
3351
2271
992
266
520
1603
2881
3601
3343
2257
981
264
528
1618
2891
3605
3335
2243
970
261
536
1630
2904
3607
3327
2229
958
258
543
1644
2915
3609
3319
2216
947
256
552
1657
2925
3612
3311
2202
936
255
560
1672
2937
3614
3303
2188
924
253
569
1685
2949
3616
3295
2174
914
251
576
1698
2961
3617
3287
2161
902
249
586
1711
2971
3619
3279
2148
891
247
593
1725
2982
3620
3269
2134
880
246
602
1739
2992
3623
3261
2120
869
244
610
1753
3005
3623
3252
2107
858
243
619
1768
3015
3626
3244
2092
848
241
627
1782
3025
3627
3235
2078
836
240
636
1796
3035
3628
3225
2064
826
239
645
1810
3046
3629
3216
2050
816
238
654
1823
3056
3630
3207
2037
804
237
664
1837
3066
3631
3199
2024
795
236
674
1851
3077
3632
3187
2010
784
235
683
1864
3086
3632
3178
1995
774
236
692
1880
3098
3633
3169
1981
764
234
702
1894
3108
3633
3159
1967
754
234
711
1907
3117
3633
3150
1953
744
234
721
1920
3127
3633
3140
1940
735
234
731
1934
3135
3633
3130
1927
725
234
740
1948
3146
3633
3121
1912
716
234
750
1961
3155
3633
3111
1899
705
234
760
1974
3165
3633
3102
1886
697
235
770
1989
3174
3632
3091
1870
687
236
780
2003
3185
3632
3082
1858
677
236
790
2017
3195
3631
3072
1843
669
236
800
2031
3203
3630
3061
1829
659
237
812
2045
3212
3629
3051
1816
650
238
822
2058
3222
3629
3040
1802
641
240
832
2072
3232
3626
3029
1787
633
241
844
2085
3241
3625
3018
1774
623
242
855
2099
3248
3624
3008
1760
615
243
864
2114
3258
3622
2996
1746
604
245
875
2128
3267
3621
2987
1731
597
247
887
2141
3275
3619
2975
1718
589
248
897
2155
3283
3617
2964
1704
580
251
908
2169
3291
3616
2952
1690
572
252
920
2182
3299
3614
2941
1679
562
254
932
2196
3307
3612
2929
1665
556
256
943
2209
3317
3610
2919
1651
546
258
954
2222
3325
3608
2907
1638
538
260
966
2237
3333
3605
2896
1623
530
263
977
2249
3340
3603
2885
1609
522
265
988
2265
3348
3600
2874
1596
514
268
999
2279
3355
3596
2862
1583
508
271
1011
2292
3363
3594
2852
1571
500
275
1023
2306
3371
3591
2839
1555
493
277
1035
2320
3377
3588
2828
1540
485
280
1047
2333
3385
3585
2815
1524
478
284
1059
2345
3392
3581
2803
1512
471
286
1070
2359
3400
3578
2792
1498
465
291
1082
2373
3405
3575
2779
1485
457
294
1094
2387
3412
3570
2766
1472
450
298
1105
2403
3420
3567
2755
1459
444
301
1118
2415
3428
3563
2742
1446
436
307
1130
2428
3434
3560
2731
1432
429
310
1142
2441
3440
3555
2719
1419
423
313
1154
2454
3447
3551
2705
1406
417
319
1168
2468
3453
3546
2693
1393
410
324
1181
2481
3460
3540
2681
1379
404
328
1192
2495
3466
3536
2668
1367
398
332
1204
2507
3471
3532
2656
1354
393
337
1217
2521
3477
3527
2644
1340
387
342
1228
2535
3483
3523
2632
1328
381
347
1241
2548
3490
3517
2619
1313
375
352
1254
2560
3495
3513
2606
1301
371
358
1267
2573
3500
3508
2594
1289
366
363
1279
2586
3506
3502
2580
1275
360
370
1293
2600
3511
3496
2568
1262
355
374
1307
2612
3516
3491
2554
1249
348
379
1319
2625
3522
3486
2541
1236
344
385
1334
2636
3525
3479
2528
1224
339
390
1346
2650
3530
3474
2514
1212
334
397
1359
2662
3536
3467
2502
1201
329
403
1371
2674
3540
3461
2488
1187
325
409
1384
2687
3544
3455
2473
1174
320
415
1399
2699
3550
3450
2460
1162
316
421
1411
2710
3554
3444
2447
1148
312
427
1425
2722
3558
3436
2434
1136
306
433
1438
2735
3563
3431
2420
1125
302
441
1453
2750
3566
3424
2407
1112
299
448
1467
2762
3569
3416
2394
1100
296
454
1479
2772
3574
3409
2381
1088
291
461
1493
2785
3577
3403
2368
1077
288
468
1506
2796
3581
3395
2353
1065
285
475
1520
2809
3584
3388
2341
1053
282
482
1533
2821
3587
3381
2327
1041
278
489
1546
2832
3591
3374
2313
1029
274
497
1560
2844
3593
3368
2299
1017
271
503
1575
2857
3597
3359
2287
1005
269
511
1589
2868
3600
3352
2272
993
267
519
1603
2880
3602
3345
2259
981
264
526
1616
2890
3604
3337
2245
972
261
534
1629
2903
3607
3329
2231
960
259
543
1641
2913
3610
3321
2217
948
256
550
1656
2924
3612
3312
2204
937
254
558
1670
2936
3614
3305
2189
926
253
568
1683
2947
3616
3295
2176
916
251
574
1696
2959
3617
3287
2163
903
249
583
1710
2969
3618
3279
2149
892
248
592
1724
2981
3620
3271
2136
881
245
600
1738
2991
3622
3262
2122
871
244
610
1750
3004
3624
3253
2108
859
242
617
1766
3015
3625
3246
2093
849
241
626
1780
3024
3627
3236
2080
839
240
635
1794
3034
3628
3226
2066
828
239
644
1809
3044
3628
3218
2052
817
237
653
1821
3057
3629
3208
2039
806
237
662
1835
3065
3632
3199
2026
796
236
671
1849
3076
3631
3189
2011
785
235
682
1863
3086
3632
3179
1995
775
235
691
1878
3096
3632
3171
1983
765
234
702
1891
3107
3633
3160
1969
755
234
710
1905
3116
3632
3151
1955
745
234
720
1918
3126
3633
3141
1942
736
234
729
1933
3135
3633
3131
1929
725
234
739
1946
3145
3633
3122
1915
717
234
749
1960
3154
3633
3112
1901
707
234
759
1973
3163
3632
3102
1886
697
234
768
1987
3172
3633
3093
1874
687
236
779
2001
3183
3631
3084
1858
678
236
788
2016
3193
3631
3073
1845
670
237
800
2030
3203
3631
3062
1830
659
236
810
2044
3211
3629
3052
1817
651
238
820
2056
3221
3628
3041
1804
642
239
830
2070
3230
3626
3032
1789
633
240
842
2084
3241
3625
3020
1776
624
242
854
2097
3247
3625
3010
1762
617
242
863
2112
3258
3623
2998
1748
606
245
873
2126
3266
3621
2988
1734
598
247
884
2140
3274
3620
2977
1720
589
248
896
2153
3282
3618
2965
1706
580
250
907
2167
3291
3616
2954
1693
573
252
919
2180
3299
3615
2943
1680
564
253
931
2194
3307
3613
2931
1667
556
255
942
2207
3315
3611
2920
1653
547
257
953
2221
3323
3608
2909
1640
539
260
964
2233
3331
3606
2897
1625
531
263
976
2249
3340
3603
2888
1610
523
265
986
2263
3347
3600
2876
1598
516
268
998
2278
3355
3598
2864
1584
509
271
1009
2291
3362
3595
2852
1571
500
274
1021
2304
3371
3592
2840
1557
495
277
1033
2317
3376
3589
2829
1541
486
280
1045
2331
3384
3586
2816
1528
479
283
1057
2345
3391
3582
2804
1513
471
287
1069
2358
3399
3579
2793
1500
465
290
1080
2371
3405
3575
2781
1488
457
294
1093
2385
3412
3571
2768
1474
451
297
1103
2401
3420
3567
2757
1460
444
301
1116
2413
3426
3564
2744
1447
438
306
1128
2426
3432
3560
2732
1433
431
310
1140
2439
3440
3556
2720
1421
424
313
1154
2454
3446
3552
2707
1407
417
319
1166
2466
3452
3546
2695
1394
411
323
1178
2481
3459
3541
2682
1381
405
328
1191
2493
3464
3537
2670
1368
399
332
1203
2506
3470
3533
2657
1355
393
337
1215
2519
3476
3528
2646
1342
388
341
1227
2533
3483
3523
2634
1330
382
346
1240
2546
3490
3518
2621
1316
377
352
1252
2558
3494
3513
2608
1303
372
357
1266
2572
3500
3508
2595
1290
366
363
1279
2586
3505
3503
2582
1276
361
369
1291
2598
3511
3498
2569
1263
356
373
1305
2610
3516
3492
2556
1251
349
378
1318
2624
3521
3487
2542
1238
344
384
1332
2635
3525
3480
2530
1226
339
390
1344
2649
3530
3474
2516
1213
333
395
1357
2660
3536
3468
2503
1201
329
401
1370
2673
3540
3463
2490
1188
325
407
1383
2685
3544
3456
2476
1176
321
414
1398
2698
3548
3449
2462
1162
317
421
1410
2709
3552
3444
2449
1150
311
426
1423
2720
3558
3438
2436
1138
307
433
1437
2734
3562
3432
2422
1126
303
439
1451
2745
3566
3424
2409
1113
299
447
1464
2760
3568
3417
2395
1101
296
453
1478
2771
3574
3410
2383
1091
292
461
1492
2783
3576
3404
2369
1078
289
467
1504
2794
3580
3396
2357
1067
285
473
1518
2808
3584
3389
2341
1054
281
481
1532
2818
3586
3382
2329
1041
278
489
1544
2832
3591
3375
2316
1030
275
496
1559
2843
3594
3369
2301
1019
273
503
1573
2856
3596
3361
2289
1006
269
511
1587
2867
3599
3353
2273
995
266
518
1600
2878
3601
3345
2261
984
265
526
1613
2889
3604
3338
2246
973
261
534
1625
2900
3607
3331
2233
962
259
542
1641
2912
3609
3322
2219
950
257
549
1654
2923
3611
3313
2205
939
255
558
1668
2934
3613
3305
2191
928
253
566
1682
2945
3615
3296
2177
916
251
574
1694
2957
3617
3289
2164
904
249
582
1708
2969
3618
3280
2151
893
248
591
1722
2979
3620
3271
2137
882
246
600
1735
2989
3622
3264
2124
872
245
608
1750
3000
3623
3254
2108
861
243
616
1764
3012
3625
3246
2095
851
241
626
1778
3023
3626
3238
2081
841
240
635
1793
3033
3626
3227
2067
829
240
643
1807
3042
3628
3218
2054
819
238
652
1820
3054
3629
3208
2041
808
238
661
1834
3062
3630
3200
2027
796
236
671
1847
3074
3631
3190
2013
787
236
681
1861
3084
3631
3180
1999
776
236
691
1876
3095
3632
3171
1984
766
235
699
1890
3105
3632
3161
1971
757
235
709
1903
3114
3632
3152
1957
747
234
719
1917
3124
3633
3142
1943
737
235
729
1931
3133
3633
3132
1931
727
234
737
1944
3143
3632
3123
1916
719
235
748
1958
3153
3632
3113
1902
708
235
758
1971
3162
3632
3103
1888
699
235
767
1984
3171
3631
3094
1875
690
236
778
1999
3181
3630
3084
1860
679
237
788
2014
3192
3631
3075
1847
671
237
796
2027
3201
3630
3063
1832
660
238
810
2041
3209
3629
3053
1819
651
239
819
2054
3220
3628
3042
1806
644
240
829
2068
3229
3626
3032
1791
635
241
842
2082
3238
3625
3021
1778
626
243
852
2096
3247
3625
3011
1763
618
244
862
2111
3256
3622
2999
1749
607
244
873
2124
3264
3621
2989
1735
598
247
884
2138
3273
3619
2978
1721
590
248
895
2152
3281
3617
2966
1707
582
250
906
2165
3290
3616
2955
1694
574
252
916
2178
3298
3615
2943
1682
564
253
929
2192
3307
3613
2932
1668
558
256
940
2205
3315
3611
2921
1655
548
257
951
2219
3323
3608
2910
1641
541
260
963
2233
3331
3606
2898
1628
531
262
974
2247
3339
3603
2888
1612
524
265
985
2261
3346
3601
2876
1600
517
268
997
2275
3354
3598
2865
1586
510
270
1008
2289
3361
3595
2854
1572
503
274
1019
2302
3369
3591
2841
1558
496
277
1033
2317
3375
3589
2830
1543
487
280
1044
2329
3383
3585
2818
1529
481
284
1057
2341
3389
3582
2806
1516
473
286
1067
2357
3397
3579
2794
1502
466
291
1079
2369
3404
3574
2782
1489
459
293
1091
2383
3410
3571
2770
1476
453
298
1103
2399
3418
3568
2759
1463
445
301
1115
2412
3425
3564
2745
1449
439
306
1126
2425
3432
3560
2733
1435
433
310
1139
2438
3439
3555
2722
1423
425
313
1153
2451
3445
3552
2710
1409
420
319
1165
2466
3451
3546
2696
1397
413
323
1177
2478
3457
3541
2683
1383
406
327
1189
2491
3464
3537
2671
1370
400
332
1202
2504
3469
3532
2659
1357
394
337
1214
2517
3476