* 1111 --- 7/21/2015 11:50:00 AM --- 
10.0760488123877, -72.5133653208592, -62.4178138505742, -62.4699091460081,   5.06,   -72.51,   15.02,   -73.50,   14.92,   -74.89,   14.97,   -77.69,   14.86,   -77.70
10.2130489484449, -72.4754903048664, -63.2425546696384, -63.2783092965337,   15.02,   -72.48,   14.97,   -76.59,   15.12,   -79.31,   5.06,   -80.98,   15.28,   -81.26
10.0803214288513, -73.2479052851529, -62.4435350016849, -62.4640624009835,   15.02,   -73.25,   5.06,   -75.13,   5.58,   -78.30,   5.48,   -78.47,   4.43,   -79.14
10.0265636174563, -72.6677998364499, -62.1199129770866, -62.2076674800056,   15.02,   -72.67,   5.27,   -76.36,   14.97,   -77.27,   15.18,   -77.91,   5.58,   -78.36
* 1111 --- 7/21/2015 11:52:40 AM --- 1
10.0774451467475, -73.0011154726638, -62.42621978342, -62.4843175916418,   5.06,   -73.00,   15.02,   -73.80,   14.92,   -74.84,   14.97,   -77.24,   14.86,   -78.23
10.2664356307418, -73.4750831535239, -63.5639424970657, -63.5916922855662,   15.02,   -73.48,   5.06,   -76.94,   14.97,   -79.42,   14.92,   -80.61,   15.28,   -81.39
10.0524635310028, -71.6043349243017, -62.2758304566369, -62.2993241132957,   15.02,   -71.60,   5.58,   -78.18,   5.48,   -78.74,   4.43,   -78.87,   14.45,   -79.19
9.89919945117996, -69.7004659213366, -61.3531806961034, -61.410693616534,   15.02,   -69.70,   14.97,   -75.40,   5.27,   -76.68,   15.18,   -77.11,   5.48,   -77.48
