669
1843
3072
3631
3192
2015
787
234
678
1857
3082
3631
3183
2000
777
234
687
1872
3092
3632
3173
1986
766
232
697
1885
3103
3633
3162
1972
757
232
705
1900
3112
3632
3154
1958
746
232
716
1914
3122
3632
3143
1945
736
232
725
1928
3130
3634
3133
1932
727
232
735
1940
3141
3632
3124
1917
719
232
744
1954
3150
3632
3115
1903
708
232
753
1968
3160
3632
3105
1889
699
232
764
1982
3170
3632
3095
1876
691
233
774
1996
3179
3631
3086
1861
680
234
784
2011
3189
3631
3075
1848
671
235
796
2025
3200
3630
3064
1833
660
236
806
2039
3208
3629
3055
1820
652
236
816
2051
3218
3629
3043
1808
644
237
827
2065
3227
3627
3033
1792
634
238
837
2079
3237
3626
3023
1778
625
240
850
2093
3245
3625
3011
1765
617
241
859
2107
3254
3623
3002
1749
607
242
870
2123
3263
3622
2990
1736
599
244
881
2135
3271
3619
2979
1721
590
246
891
2149
3279
3618
2967
1708
581
248
903
2163
3288
3616
2957
1695
573
250
915
2175
3296
3615
2947
1683
564
252
925
2189
3305
3614
2934
1669
557
253
938
2203
3313
3611
2921
1655
548
255
948
2217
3321
3609
2911
1642
540
257
960
2231
3329
3606
2900
1627
531
260
971
2244
3338
3604
2889
1614
524
262
981
2258
3345
3601
2878
1601
515
265
994
2272
3352
3598
2866
1587
509
268
1005
2286
3359
3595
2855
1573
502
270
1016
2300
3368
3592
2843
1559
495
274
1029
2313
3374
3589
2831
1544
486
277
1041
2326
3382
3586
2819
1530
480
280
1052
2340
3388
3583
2807
1516
472
284
1064
2354
3396
3579
2794
1504
466
287
1077
2368
3402
3576
2783
1490
458
291
1089
2381
3410
3572
2770
1477
452
295
1100
2395
3416
3569
2760
1463
445
299
1112
2408
3424
3564
2748
1450
437
302
1124
2421
3430
3561
2734
1437
431
306
1136
2435
3437
3557
2723
1425
423
312
1148
2448
3444
3553
2709
1411
418
313
1162
2462
3450
3547
2697
1398
411
320
1174
2474
3457
3543
2684
1384
406
325
1187
2488
3463
3538
2673
1370
399
329
1199
2500
3468
3534
2660
1358
393
333
1212
2513
3474
3528
2648
1345
389
339
1223
2528
3481
3523
2635
1333
382
343
1235
2540
3488
3519
2623
1318
376
349
1249
2553
3492
3514
2610
1306
372
353
1261
2566
3498
3509
2598
1293
367
360
1275
2579
3502
3503
2584
1279
361
366
1287
2594
3508
3498
2571
1267
356
371
1300
2606
3512
3493
2558
1253
349
376
1314
2618
3518
3488
2545
1241
345
381
1328
2631
3523
3481
2532
1229
340
387
1340
2644
3527
3475
2520
1217
334
393
1353
2655
3533
3469
2505
1204
329
399
1366
2667
3538
3463
2493
1192
325
405
1379
2680
3541
3457
2480
1180
321
412
1393
2692
3546
3450
2465
1166
317
418
1407
2705
3550
3445
2451
1154
313
423
1419
2716
3556
3438
2439
1141
307
431
1432
2728
3560
3430
2425
1129
304
437
1447
2740
3564
3426
2412
1115
299
444
1459
2755
3566
3418
2399
1104
297
451
1473
2766
3571
3411
2385
1093
293
457
1486
2778
3574
3404
2372
1081
288
464
1499
2790
3578
3398
2360
1069
285
471
1514
2803
3581
3390
2345
1056
282
479
1527
2814
3584
3383
2332
1045
279
485
1540
2827
3589
3376
2318
1032
274
493
1553
2838
3592
3369
2304
1021
272
500
1569
2850
3594
3361
2291
1009
269
507
1582
2862
3598
3354
2278
997
266
515
1595
2874
3599
3347
2264
985
264
523
1608
2885
3602
3339
2249
975
260
531
1622
2896
3606
3331
2236
964
259
538
1636
2909
3608
3323
2221
952
256
546
1648
2919
3610
3315
2208
941
253
554
1663
2931
3613
3305
2195
930
252
562
1677
2941
3614
3297
2180
916
250
570
1689
2953
3616
3291
2168
905
248
579
1703
2964
3618
3282
2155
896
247
587
1717
2975
3619
3274
2140
885
244
596
1730
2985
3621
3265
2127
874
244
605
1744
2996
3623
3256
2113
863
242
612
1759
3008
3625
3248
2099
853
240
621
1772
3019
3625
3240
2084
843
239
630
1786
3029
3627
3231
2071
830
238
639
1801
3039
3627
3220
2057
820
237
649
1815
3051
3628
3211
2045
810
236
657
1828
3060
3630
3201
2030
799
236
667
1841
3071
3631
3193
2017
789
235
677
1857
3080
3631
3183
2002
779
233
687
1869
3091
3631
3173
1987
768
233
696
1885
3101
3631
3163
1974
758
233
706
1899
3111
3631
3154
1960
748
233
715
1912
3120
3631
3144
1947
739
233
725
1926
3129
3633
3135
1933
729
232
735
1939
3140
3632
3125
1920
719
233
744
1953
3150
3632
3115
1905
710
232
752
1966
3159
3632
3105
1891
701
233
764
1980
3169
3631
3095
1877
692
234
773
1994
3177
3631
3087
1863
682
234
784
2009
3189
3631
3077
1849
671
236
795
2023
3198
3630
3066
1835
661
236
804
2037
3207
3629
3055
1821
652
236
815
2050
3217
3628
3044
1808
645
237
825
2063
3225
3627
3034
1795
635
238
836
2078
3236
3626
3024
1780
627
240
848
2091
3244
3623
3013
1766
618
242
858
2107
3253
3623
3003
1751
609
243
869
2121
3261
3621
2991
1737
600
244
880
2133
3269
3619
2979
1724
591
246
890
2147
3278
3618
2969
1710
582
248
902
2160
3287
3616
2959
1697
574
251
912
2173
3295
3614
2947
1685
566
252
924
2188
3304
3613
2935
1671
558
253
936
2201
3312
3611
2923
1657
549
255
948
2214
3320
3609
2912
1644
541
258
959
2229
3327
3606
2900
1631
532
260
970
2243
3337
3603
2889
1616
526
262
981
2256
3343
3601
2878
1602
518
265
992
2270
3351
3598
2867
1588
511
269
1003
2285
3358
3595
2856
1575
503
271
1015
2298
3367
3591
2845
1561
496
274
1028
2311
3373
3590
2832
1547
489
277
1040
2325
3381
3587
2821
1532
481
281
1052
2338
3388
3583
2808
1518
473
284
1063
2352
3394
3578
2796
1505
466
287
1075
2366
3402
3576
2784
1492
459
291
1087
2378
3408
3572
2772
1479
452
295
1098
2393
3415
3568
2761
1464
447
299
1110
2406
3423
3565
2749
1452
439
302
1122
2420
3430
3560
2735
1439
433
306
1135
2433
3437
3557
2725
1427
425
311
1147
2446
3442
3550
2712
1413
419
313
1160
2461
3449
3548
2698
1399
413
320
1172
2472
3456
3542
2687
1386
406
325
1186
2486
3462
3538
2673
1372
401
329
1198
2499
3467
3534
2661
1359
394
333
1210
2512
3473
3529
2649
1347
389
337
1221
2526
3479
3523
2637
1335
383
344
1235
2539
3487
3519
2624
1320
377
348
1247
2552
3491
3515
2612
1307
372
353
1259
2565
3497
3509
2599
1295
367
360
1272
2578
3502
3505
2584
1282
362
364
1286
2592
3508
3499
2572
1268
356
370
1299
2604
3514
3493
2560
1255
349
375
1312
2617
3519
3489
2546
1243
344
381
1326
2629
3523
3481
2533
1230
341
386
1339
2642
3527
3476
2522
1218
335
391
1351
2653
3533
3470
2507
1205
329
398
1364
2666
3538
3463
2494
1193
326
404
1377
2678
3541
3458
2480
1181
321
410
1391
2691
3546
3452
2466
1168
316
417
1404
2705
3550
3446
2453
1154
312
422
1417
2715
3556
3440
2441
1142
309
429
1430
2726
3559
3434
2428
1130
304
433
1444
2739
3564
3426
2413
1118
299
443
1458
2754
3567
3419
2401
1106
296
449
1471
2765
3572
3412
2388
1094
293
457
1484
2777
3574
3406
2375
1083
289
463
1497
2789
3578
3398
2360
1071
285
470
1511
2801
3582
3390
2346
1058
282
477
1525
2813
3584
3384
2333
1046
279
485
1538
2826
3589
3377
2320
1033
275
492
1551
2837
3591
3370
2307
1023
272
499
1567
2848
3594
3363
2292
1012
269
506
1580
2860
3598
3355
2280
999
266
514
1593
2871
3599
3347
2264
987
265
522
1607
2883
3601
3339
2251
977
261
529
1619
2895
3606
3333
2237
966
259
537
1634
2907
3608
3324
2223
953
256
546
1647
2918
3610
3316
2210
943
254
554
1660
2929
3612
3307
2196
931
253
562
1675
2939
3614
3299
2183
920
252
570
1689
2952
3615
3292
2170
908
249
578
1701
2963
3617
3282
2156
897
246
586
1715
2973
3619
3274
2142
887
245
595
1729
2984
3620
3266
2128
875
244
604
1741
2995
3622
3258
2115
865
242
612
1759
3007
3624
3248
2100
854
240
621
1771
3017
3625
3241
2086
844
239
629
1784
3027
3626
3231
2073
832
238
638
1800
3038
3627
3221
2059
821
236
647
1812
3049
3629
3212
2046
811
236
657
1826
3059
3630
3203
2032
800
235
666
1840
3070
3631
3193
2018
790
234
675
1855
3079
3631
3185
2004
780
234
685
1869
3090
3631
3173
1990
769
233
694
1883
3100
3632
3165
1975
759
233
704
1897
3110
3632
3155
1962
750
233
714
1910
3120
3631
3145
1949
739
232
723
1924
3128
3633
3136
1934
731
232
733
1937
3139
3633
3126
1921
720
232
741
1951
3148
3633
3117
1907
711
233
752
1965
3157
3632
3108
1893
702
233
762
1979
3167
3631
3096
1880
693
234
772
1994
3177
3631
3088
1865
683
234
783
2007
3185
3631
3078
1851
673
236
793
2021
3197
3630
3067
1837
663
236
804
2036
3205
3629
3055
1824
655
236
814
2048
3215
3628
3046
1809
647
238
825
2061
3224
3627
3036
1797
637
239
835
2076
3235
3626
3025
1781
628
240
847
2089
3243
3624
3014
1767
619
242
856
2105
3252
3623
3004
1753
610
243
867
2118
3260
3622
2992
1739
601
244
878
2131
3268
3620
2981
1725
593
246
888
2145
3277
3618
2971
1712
584
248
900
2159
3285
3616
2959
1699
576
250
911
2172
3294
3615
2947
1685
566
252
923
2185
3301
3612
2935
1672
558
253
934
2200
3311
3612
2925
1660
550
255
947
2212
3319
3609
2913
1646
542
258
958
2226
3326
3606
2902
1631
534
260
968
2240
3335
3604
2891
1618
527
262
980
2253
3342
3601
2880
1603
519
265
990
2268
3350
3598
2869
1590
511
268
1003
2283
3357
3595
2857
1578
504
271
1013
2296
3365
3593
2846
1563
497
273
1027
2309
3372
3590
2834
1549
489
277
1037
2323
3379
3586
2822
1535
481
280
1049
2336
3386
3583
2810
1521
474
283
1062
2350
3393
3580
2798
1508
467
287
1073
2364
3401
3576
2786
1494
460
291
1086
2376
3407
3573
2774
1480
453
294
1096
2391
3414
3569
2762
1467
447
298
1109
2404
3422
3566
2751
1454
440
302
1121
2418
3430
3561
2736
1441
433
306
1134
2430
3435
3557
2726
1429
426
311
1145
2444
3442
3554
2713
1415
421
313
1159
2458
3448
3549
2700
1402
414
319
1170
2471
3454
3543
2688
1387
407
323
1184
2484
3461
3539
2675
1374
402
329
1196
2497
3466
3534
2663
1362
395
333
1208
2510
3472
3530
2651
1348
389
337
1219
2524
3478
3525
2639
1336
383
342
1232
2537
3486
3520
2626
1322
378
348
1245
2550
3490
3515
2613
1310
373
353
1258
2563
3497
3510
2600
1296
368
359
1271
2575
3501
3506
2588
1284
363
364
1283
2590
3506
3499
2574
1269
357
370
1297
2603
3512
3494
2561
1257
350
374
1311
2615
3517
3490
2549
1244
345
380
1323
2627
3522
3482
2536
1233
341
385
1338
2640
3526
3476
2523
1219
336
391
1350
2652
3531
3470
2509
1207
331
397
1362
2664
3536
3465
2496
1195
327
403
1375
2677
3540
3459
2483
1183
321
409
1388
2689
3545
3453
2468
1170
317
415
1402
2702
3550
3446
2455
1158
313
422
1416
2713
3555
3441
2442
1144
309
429
1429
2725
3558
3434
2429
1132
304
433
1442
2737
3563
3428
2416
1119
301
441
1456
2752
3566
3420
2402
1107
297
449
1469
2763
3570
3414
2389
1096
293
455
1482
2775
3574
3406
2376
1084
289
463
1496
2787
3578
3399
2363
1072
285
469
1510
2799
3581
3392
2348
1060
283
477
1523
2811
3583
3385
2336
1048
279
483
1537
2822
3588
3378
2322
1036
275
490
1549
2835
3591
3370
2308
1024
272
497
1565
2846
3594
3363
2295
1013
269
505
1578
2859
3596
3356
2282
1001
267
513
1591
2871
3598
3349
2266
989
264
521
1605
2882
3601
3341
2253
978
261
528
1617
2893
3605
3333
2240
967
259
536
1632
2905
3607
3325
2225
956
257
544
1645
2916
3610
3317
2212
944
254
552
1658
2927
3612
3309
2199
932
253
561
1673
2937
3614
3300
2184
922
252
568
1687
2950
3615
3293
2171
909
248
576
1699
2961
3617
3284
2158
898
247
586
1713
2972
3619
3276
2143
887
245
594
1726
2983
3620
3267
2131
877
244
603
1741
2993
3621
3258
2117
866
242
611
1756
3006
3623
3249
2103
856
242
619
1769
3016
3626
3242
2088
845
239
627
1782
3026
3626
3233
2075
833
238
637
1798
3036
3627
3222
2061
824
237
646
1811
3047
3628
3213
2047
813
236
655
1824
3058
3630
3204
2034
803
236
664
1838
3068
3631
3195
2020
791
234
674
1853
3078
3631
3185
2006
782
234
684
1867
3088
3631
3175
1992
770
234
693
1881
3099
3631
3166
1978
760
233
703
1894
3108
3632
3156
1963
751
232
712
1908
3118
3631
3146
1950
741
234
722
1923
3127
3633
3137
1936
732
232
732
1934
3137
3632
3126
1923
722
232
741
1950
3147
3632
3118
1908
712
233
751
1964
3156
3631
3108
1895
703
233
761
1977
3166
3631
3097
1882
694
234
771
1992
3175
3631
3088
1867
684
234
782
2006
3185
3631
3079
1853
674
235
791
2019
3196
3631
3067
1839
664
235
802
2033
3204
3630
3057
1825
655
236
812
2047
3214
3628
3047
1812
646
237
823
2060
3223
3627
3037
1798
638
238
834
2074
3233
3625
3026
1783
629
240
845
2087
3242
3625
3015
1769
620
242
856
2102
3249
3623
3006
1756
613
242
867
2117
3259
3622
2995
1741
602
244
877
2130
3268
3620
2983
1727
593
246
888
2143
3276
3618
2971
1714
585
247
898
2157
3285
3616
2961
1700
577
250
909
2171
3293
3615
2950
1688
568
252
921
2184
3301
3613
2937
1675
558
253
933
2197
3310
3612
2927
1661
551
254
944
2211
3318
3609
2915
1647
543
257
956
2224
3325
3606
2904
1634
536
260
967
2239
3334
3604
2892
1619
527
262
978
2252
3341
3601
2882
1606
519
265
989
2266
3349
3599
2870
1592
512
268
1001
2281
3356
3596
2858
1579
505
271
1013
2294
3365
3593
2847
1566
497
273
1025
2308
3370
3590
2836
1551
490
276
1037
2322
3378
3587
2822
1537
482
280
1048
2334
3385
3583
2810
1523
475
283
1060
2348
3392
3580
2799
1508
468
286
1073
2362
3400
3576
2787
1495
461
290
1084
2376
3406
3573
2775
1482
454
294
1095
2388
3414
3569
2763
1469
448
298
1108
2403
3420
3566
2752
1455
441
302
1119
2416
3428
3562
2738
1443
433
305
1131
2430
3434
3558
2726
1429
426
309
1144
2442
3442
3553
2716
1416
421
313
1157
2456
3447
3550
2702
1403
414
319
1170
2470
3454
3544
2689
1389
408
323
1182
2482
3460
3540
2677
1376
402
329
1194
2496
3466
3535
2665
1363
396
332
1207
2508
3472
3530
2652
1350
390
337
1219
2523
3478
3526
2640
1338
384
342
1231
2536
3485
3520
2628
1324
379
347
1243
2548
3490
3516
2615
1311
373
352
1255
2562
3496
3511
2603
1297
368
357
1268
2573
3501
3506
2590
1285
364
364
1282
2588
3506
3501
2576
1271
357
369
1295
2601
3512
3495
2564
1259
351
373
1308
2614
3516
3490
2551
1246
345
379
1321
2626
3521
3485
2537
1234
341
385
1336
2638
3526
3477
2524
1221
337
390
1348
2650
3532
3471
2510
1209
331
397
1361
2663
3536
3466
2497
1197
327
402
1373
2676
3540
3460
2484
1185
322
409
1387
2688
3546
3453
2469
1171
318
415
1399
2700
3550
3446
2457
1158
313
421
1414
2712
3554
3442
2444
1145
309
427
1427
2724
3558
3434
2431
1133
305
433
1441
2735
3563
3428
2417
1122
301
441
1454
2750
3566
3420
2404
1108
297
448
1467
2762
3570
3414
2391
1096
294
455
1481
2774
3574
3407
2378
1086
289
461
1494
2786
3577
3401
2364
1074
286
469
1508
2798
3581
3393
2351
1062
283
475
1522
2810
3583
3386
2336
1049
280
483
1535
2822
3587
3379
2323
1037
277
490
1548
2835
3590
3371
2310
1025
272
498
1563
2846
3594
3365
2296
1013
270
504
1577
2858
3596
3357
2283
1002
268
512
1590
2870
3599
3349
2268
990
265
519
1603
2881
3601
3342
2255
980
261
528
1617
2891
3604
3335
2242
968
259
535
1630
2903
3607
3326
2227
956
257
543
1644
2915
3610
3318
2214
945
254
552
1657
2926
3612
3310
2200
934
253
558
1672
2936
3613
3303
2186
923
252
568
1685
2947
3615
3293
2172
912
249
576
1698
2960
3617
3285
2159
900
247
584
1711
2971
3619
3277
2146
889
246
593
1725
2982
3621
3268
2133
878
244
602
1738
2993
3622
3260
2119
868
243
610
1753
3005
3623
3251
2105
856
242
618
1768
3015
3625
3244
2090
847
239
627
1781
3025
3626
3234
2076
835
238
636
1796
3036
3627
3224
2063
824
237
644
1809
3046
3628
3214
2048
814
236
653
1823
3056
3630
3206
2036
804
236
663
1837
3067
3631
3196
2022
792
234
671
1851
3076
3631
3185
2008
783
233
682
1865
3087
3631
3176
1994
772
233
693
1880
3097
3632
3167
1979
762
233
702
1893
3107
3632
3157
1965
752
232
711
1907
3117
3632
3149
1951
742
233
720
1921
3126
3633
3139
1938
733
232
731
1934
3137
3632
3129
1925
723
232
740
1948
3146
3633
3120
1910
712
232
750
1962
3156
3633
3110
1897
703
233
760
1976
3165
3632
3100
1883
695
233
769
1991
3174
3631
3090
1869
685
234
780
2004
3185
3631
3080
1855
675
235
790
2018
3195
3630
3070
1841
665
235
801
2032
3203
3629
3059
1827
656
236
812
2046
3213
3629
3049
1813
647
237
821
2059
3222
3627
3038
1800
639
238
832
2072
3232
3626
3027
1785
630
240
843
2086
3241
3625
3017
1771
621
241
855
2099
3249
3624
3007
1757
613
242
865
2115
3258
3622
2995
1742
602
244
875
2128
3267
3620
2983
1729
594
245
887
2141
3275
3619
2974
1715
586
247
897
2155
3283
3617
2963
1702
578
249
908
2169
3292
3615
2951
1689
570
251
920
2183
3300
3614
2939
1676
561
252
931
2196
3309
3612
2927
1663
552
254
943
2209
3317
3609
2916
1649
545
257
955
2223
3325
3607
2905
1635
536
259
966
2237
3333
3604
2894
1621
528
261
977
2251
3341
3601
2884
1606
521
265
987
2265
3349
3600
2871
1593
513
267
999
2280
3356
3597
2860
1580
506
269
1011
2292
3364
3594
2849
1567
498
273
1023
2306
3370
3591
2837
1552
491
276
1035
2320
3377
3588
2825
1538
483
279
1047
2333
3385
3584
2812
1524
476
282
1059
2346
3391
3581
2800
1510
469
286
1070
2360
3400
3578
2789
1496
462
289
1083
2374
3406
3574
2777
1483
455
293
1094
2387
3412
3569
2765
1471
449
297
1106
2402
3420
3566
2754
1457
441
301
1118
2415
3428
3562
2740
1444
433
304
1130
2428
3434
3558
2728
1431
427
309
1142
2441
3440
3554
2717
1418
421
313
1154
2454
3446
3550
2703
1404
415
318
1168
2468
3453
3544
2691
1390
408
323
1181
2480
3460
3540
2679
1377
403
326
1192
2494
3466
3536
2666
1365
397
331
1206
2507
3471
3531
2654
1352
391
336
1218
2521
3477
3526
2642
1339
386
342
1229
2534
3484
3521
2629
1326
379
347
1243
2546
3489
3516
2616
1312
373
351
1255
2559
3494
3512
2604
1299
369
357
1267
2572
3500
3507
2591
1287
364
364
1279
2584
3505
3501
2578
1272
357
368
1294
2599
3511
3495
2565
1260
352
373
1307
2612
3516
3490
2552
1247
346
378
1320
2624
3521
3485
2539
1235
341
384
1334
2636
3525
3478
2525
1222
337
390
1346
2649
3530
3473
2512
1210
332
396
1359
2662
3536
3467
2499
1198
327
402
1371
2673
3540
3460
2486
1186
323
407
1386
2686
3544
3454
2471
1171
317
413
1399
2698
3550
3448
2459
1160
313
419
1413
2710
3554
3442
2445
1146
309
426
1426
2722
3558
3436
2433
1135
305
433
1438
2735
3562
3430
2419
1123
301
440
1453
2749
3566
3422
2406
1109
297
447
1466
2761
3570
3415
2392
1098
293
453
1479
2773
3574
3408
2379
1087
289
461
1491
2784
3577
3402
2366
1075
286
467
1507
2796
3581
3394
2352
1063
283
474
1519
2808
3583
3387
2338
1051
280
481
1533
2822
3587
3380
2324
1039
277
489
1547
2833
3590
3373
2312
1026
273
497
1560
2845
3594
3366
2297
1015
270
503
1574
2857
3597
3359
2285
1003
268
511
1589
2868
3599
3351
2270
992
265
518
1602
2879
3601
3343
2256
981
262
526
1615
2890
3605
3335
2244
970
259
534
1628
2902
3607
3327
2230
958
257
542
1642
2913
3610
3320
2215
947
255
550
1656
2925
3612
3311
2201
935
253
558
1670
2935
3613
3303
2188
924
252
566
1684
2947
3615
3294
2173
912
249
574
1696
2959
3617
3287
2161
901
247
583
1710
2970
3619
3278
2147
890
246
591
1722
2981
3621
3269
2133
880
244
600
1737
2991
3622
3261
2120
869
242
609
1749
3003
3623
3252
2107
858
241
617
1765
3013
3625
3244
2091
847
239
626
1780
3023
3626
3235
2078
836
238
635
1794
3034
3627
3225
2064
825
237
643
1809
3045
3628
3216
2049
815
236
653
1821
3054
3629
3206
2037
804
236
663
1835
3066
3631
3197
2024
794
235
671
1849
3076
3631
3188
2010
784
233
682
1863
3086
3631
3177
1994
773
233
691
1877
3096
3632
3168
1980
763
232
700
1892
3107
3632
3159
1966
752
232
710
1905
3116
3632
3149
1953
743
233
719
1919
3125
3632
3140
1939
734
232
729
1933
3134
3632
3130
1926
724
232
738
1947
3144
3632
3121
1912
714
232
748
1961
3154
3633
3111
1898
704
233
758
1974
3164
3632
3101
1885
695
233
768
1988
3173
3631
3090
1869
686
234
778
2002
3184
3631
3083
1857
676
235
788
2016
3193
3631
3071
1842
667
235
800
2030
3202
3630
3060
1827
657
236
810
2044
3212
3628
3050
1814
648
236
820
2058
3221
3628
3039
1802
640
237
831
2070
3232
3626
3029
1786
631
239
843
2083
3241
3624
3018
1773
623
240
854
2097
3248
3624
3007
1759
614
242
864
2113
3258
3623
2996
1745
604
244
874
2126
3266
3621
2986
1730
595
245
885
2140
3275
3619
2975
1716
587
246
896
2154
3282
3617
2963
1704
578
249
906
2168
3291
3615
2953
1690
570
250
916
2181
3299
3614
2940
1678
562
253
931
2194
3308
3613
2929
1664
553
254
942
2207
3316
3610
2918
1651
545
256
952
2221
3324
3607
2906
1637
538
258
964
2236
3333
3605
2895
1622
529
261
976
2249
3340
3602
2884
1608
521
264
986
2264
3347
3599
2873
1595
513
266
998
2278
3354
3596
2862
1582
506
269
1009
2291
3362
3594
2850
1569
498
273
1021
2304
3370
3591
2838
1554
492
275
1034
2319
3377
3588
2826
1540
484
278
1045
2332
3384
3585
2814
1524
477
282
1057
2345
3390
3581
2802
1512
469
286
1069
2360
3399
3578
2790
1498
463
289
1081
2372
3405
3574
2778
1485
456
293
1093
2385
3412
3570
2766
1471
449
296
1104
2401
3419
3566
2755
1459
441
301
1116
2413
3427
3562
2741
1446
433
305
1128
2426
3433
3559
2730
1432
429
309
1142
2439
3440
3555
2719
1419
422
313
1154
2453
3446
3550
2705
1406
417
317
1166
2467
3454
3546
2692
1392
409
321
1179
2480
3459
3541
2680
1379
403
326
1191
2493
3465
3536
2668
1366
397
330
1203
2504
3470
3531
2655
1353
392
335
1217
2520
3477
3527
2644
1340
386
340
1228
2533
3483
3522
2631
1328
379
346
1240
2545
3489
3517
2618
1313
374
351
1253
2558
3494
3512
2606
1300
370
356
1266
2572
3499
3507
2592
1287
364
361
1279
2584
3505
3502
2579
1275
358
367
1292
2598
3511
3496
2566
1261
352
372
1305
2611
3515
3490
2554
1249
347
378
1319
2623
3521
3487
2540
1236
342
383
1333
2635
3525
3479
2527
1224
337
389
1344
2648
3530
3473
2513
1211
332
394
1358
2660
3535
3467
2501
1199
328
401
1371
2673
3539
3462
2488
1187
323
407
1384
2685
3544
3455
2473
1173
318
413
1397
2697
3549
3449
2460
1161
313
418
1411
2709
3554
3444
2447
1148
310
425
1423
2720
3558
3436
2434
1136
305
433
1437
2734
3562
3430
2420
1125
301
439
1451
2745
3566
3423
2408
1111
297
445
1464
2760
3569
3416
2394
1099
294
453
1478
2771
3574
3410
2382
1089
289
459
1491
2782
3577
3402
2368
1077
286
466
1503
2794
3581
3395
2352
1065
283
473
1518
2807
3583
3388
2340
1052
280
480
1531
2819
3587
3381
2327
1041
277
488
1545
2832
3590
3373
2314
1028
273
496
1558
2843
3593
3367
2299
1017
270
501
1572
2855
3596
3360
2287
1004
267
509
1586
2866
3599
3352
2272
993
265
516
1600
2878
3601
3344
2258
981
263
525
1613
2888
3605
3337
2244
971
260
533
1624
2900
3607
3329
2232
959
257
541
1640
2913
3609
3321
2218
948
254
548
1654
2923
3612
3312
2203
937
253
558
1668
2934
3613
3304
2189
926
252
565
1682
2945
3615
3295
2176
916
250
574
1694
2957
3616
3288
2163
904
248
582
1707
2967
3618
3279
2150
892
246
591
1721
2979
3619
3270
2136
881
245
599
1735
2989
3621
3262
2122
871
243
608
1749
3002
3622
3253
2107
860
242
616
1765
3012
3624
3245
2094
850
240
625
1778
3022
3626
3236
2079
839
239
634
1793
3033
3626
3225
2065
828
237
642
1807
3042
3628
3217
2051
817
237
652
1819
3054
3628
3207
2038
806
236
661
1833
3064
3630
3198
2025
796
235
671
1847
3074
3631
3189
2011
784
234
681
1861
3084
3631
3178
1997
776
234
690
1876
3094
3631
3169
1982
765
233
701
1890
3104
3631
3159
1968
755
234
710
1904
3114
3631
3150
1955
745
233
719
1917
3124
3631
3140
1942
736
234
728
1931
3133
3632
3130
1928
725
232
737
1945
3144
3632
3122
1913
715
233
747
1959
3153
3632
3112
1900
706
233
757
1972
3163
3631
3102
1886
697
233
767
1986
3172
3631
3091
1873
687
235
777
2000
3183
3631
3083
1857
678
235
788
2014
3192
3630
3073
1845
669
235
796
2028
3201
3630
3061
1830
659
236
810
2042
3209
3628
3051
1816
650
237
819
2055
3219
3628
3040
1804
642
238
829
2069
3229
3626
3030
1788
633
240
841
2082
3238
3624
3019
1774
623
241
853
2095
3247
3624
3010
1761
616
242
862
2111
3256
3623
2998
1747
605
243
873
2125
3265
3621
2987
1733
597
245
884
2139
3273
3619
2976
1719
588
246
894
2152
3282
3617
2965
1705
580
249
905
2165
3289
3615
2955
1692
572
251
916
2179
3298
3614
2941
1679
563
252
928
2192
3305
3612
2930
1665
555
254
940
2206
3315
3610
2919
1653
546
256
952
2220
3323
3607
2907
1639
538
259
963
2232
3331
3605
2896
1624
530
262
974
2247
3339
3602
2886
1611
522
264
985
2262
3346
3600
2875
1597
514
266
996
2275
3354
3598
2863
1584
508
269
1008
2290
3361
3594
2852
1570
499
273
1020
2303
3369
3590
2840
1556
493
275
1033
2317
3375
3589
2828
1541
485
278
1044
2329
3382
3584
2815
1527
478
282
1056
2343
3390
3582
2804
1513
470
285
1067
2358
3397
3578
2792
1500
465
289
1080
2370
3404
3574
2780
1487
457
293
1092
2384
3411
3570
2767
1474
449
297
1102
2399
3418
3566
2756
1461
443
301
1115
2412
3426
3563
2742
1447
437
304
1127
2424
3432
3558
2731
1435
429
309
1140
2436
3438
3555
2719
1422
423
313
1153
2451
3445
3550
2707
1407
417
317
1165
2464
3451
3546
2694
1394
410
321
1178
2478
3458
3541
2681
1381
404
326
1190
2491
3464
3537
2669
1368
398
330
1202
2504
3470
3532
2657
1355
392
335
1215
2518
3476
3527
2645
1341
387
341
1226
2530
3482
3522
2632
1329
381
345
1239
2544
3489
3517
2619
1315
375
350
1251
2556
3493
3513
2607
1303
370
355
1264
2569
3498
3508
2595
1289
365
361
1278
2584
3504
3503
2582
1277
360
367
1290
2596
3510
3497
2568
1263
353
372
1303
2608
3515
3491
2555
1250
348
377
1317
2621
3520
3487
2541
1238
343
383
1331
2633
3524
3480
2529
1226
339
389
1343
2647
3529
3473
2516
1214
333
394
1356
2658
3534
3468
2502
1202
329
400
1369
2670
3538
3462
2489
1188
323
405
1383
2683
3543
3455
2476
1177
319
413
1395
2695
3548
3450
2461
1164
315
420
1409
2707
3554
3444
2448
1152
312
425
1422
2719
3557
3438
2435
1138
306
432
1435
2732
3561
3430
2422
1126
302
439
1449
2743
3565
3423
2409
1113
298
445
1463
2759
3568
3417
2396
1101
294
451
1476
2769
3573
3410
2383
1090
290
458
1488
2781
3576
3402
2370
1078
287
465
1503
2792
3580
3395
2356
1066
284
473
1516
2806
3582
3388
2342
1054
281
480
1529
2818
3585
3382
2328
1041
277
487
1543
2830
3590
3375
2316
1029
275
495
1557
2841
3592
3368
2301
1019
272
501
1571
2854
3595
3360
2288
1006
268
509
1585
2865
3598
3353
2273
994
265
516
1598
2876
3600
3345
2260
983
263
525
1611
2887
3604
3337
2247
972
261
532
1624
2899
3606
3329
2232
961
257
540
1638
2910
3609
3321
2219
949
256
548
1652
2921
3610
3313
2205
938
253
557
1665
2932
3613
3305
2191
927
252
564
1680
2945
3615
3297
2178
916
249
573
1693
2955
3616
3289
2164
904
248
582
1707
2967
3618
3281
2151
892
246
590
1720
2978
3620
3272
2137
882
244
598
1734
2988
3621
3263
2123
872
243
607
1748
2999
3623
3254
2110
861
241
614
1763
3011
3624
3245
2095
850
239
623
1777
3022
3626
3237
2081
840
239
632
1789
3032
3627
3228
2067
828
237
640
1805
3042
3628
3218
2054
817
236
651
1818
3053
3629
3209
2041
808
236
659
1831
3060
3630
3200
2027
796
234
670
1845
3073
3631
3190
2013
785
234
679
1859
3083
3631
3181
1999
776
233
688
1874
3093
3631
3171
1984
766
233
698
1888
3104
3632
3161
1970
756
232
707
1902
3113
3632
3152
1957
746
232
717
1915
3124
3631
3142
1943
736
233
727
1929
3132
3633
3133
1930
726
232
736
1943
3142
3633
3124
1916
717
233
746
1956
3152
3632
3113
1902
708
233
756
1969
3161
3632
3103
1889
698
233
766
1984
3171
3632
3093
1874
689
234
776
1998
3181
3631
3083
1860
679
234
785
2012
3191
3630
3074
1847
671
235
796
2027
3200
3630
3063
1832
659
236
808
2040
3209
3629
3053
1818
651
237
818
2053
3218
3628
3042
1805
642
237
828
2066
3227
3627
3031
1789
634
239
840
2080
3238
3625
3022
1777
625
241
851
2094
3245
3624
3010
1763
617
242
861
2107
3254
3622
2999
1749
607
243
872
2123
3263
3621
2988
1734
598
245
882
2136
3272
3619
2978
1721
589
247
892
2150
3280
3617
2967
1707
581
249
904
2164
3288
3615
2955
1693
574
251
916
2177
3297
3614
2944
1681
564
252
926
2191
3305
3613
2932
1668
556
253
939
2204
3315
3611
2920
1654
546
256
950
2218
3321
3608
2910
1640
539
258
962
2232
3330
3605
2898
1627
530
261
972
2246
3338
3603
2887
1612
523
263
983
2260
3345
3600
2876
1599
516
266
995
2273
3353
3597
2864
1585
508
269
1007
2289
3360
3594
2853
1571
501
272
1017
2301
3369
3592
2842
1558
494
274
1029
2314
3375
3589
2830
1543
486
277
1042
2328
3382
3585
2818
1529
479
282
1054
2341
3389
3582
2805
1514
472
285
1066
2356
3397
3579
2794
1502
465
287
1078
2368
3403
3575
2780
1489
457
292
1090
2382
3410
3571
2770
1475
451
295
1101
2397
3418
3566
2758
1463
444
299
1113
2409
3425
3564
2745
1449
437
304
1125
2423
3430
3560
2732
1436
431
307
1137
2435
3438
3556
2722
1423
423
312
1150
2448
3445
3550
2709
1410
417
316
1164
2464
3450
3546
2696
1397
411
321
1176
2476
3457
3542
2683
1383
405
325
1188
2488
3463
3538
2671
1370
398
329
1201
2501
3470
3533
2658
1356
393
334
1213
2515
3475
3528
2646
1344
387
340
1224
2529
3480
3522
2633
1332
381
344
1237
2541
3488
3517
2621
1317
376
350
1250
2555
3492
3514
2608
1304
372
354
1262
2568
3498
3508
2596
1291
365
361
1275
2580
3504
3504
2584
1279
360
366
1289
2594
3509
3497
2570
1265
356
372
1301
2607
3514
3492
2557
1252
349
377
1315
2619
3519
3487
2544
1239
344
381
1330
2632
3524
3480
2531
1227
339
388
1341
2645
3528
3475
2518
1215
333
393
1354
2657
3534
3468
2504
1203
329
400
1368
2669
3538
3463
2491
1190
325
405
1380
2681
3542
3457
2478
1178
320
412
1395
2693
3548
3450
2463
1164
316
418
1407
2708
3550
3444
2450
1153
311
424
1421
2718
3557
3438
2437
1139
306
431
1433
2730
3561
3430
2424
1127
302
437
1447
2742
3565
3424
2411
1114
299
444
1462
2757
3568
3418
2398
1102
295
451
1475
2767
3572
3410
2385
1091
291
457
1487
2780
3576
3403
2371
1079
287
465
1500
2792
3579
3398
2358
1068
284
472
1515
2804
3583
3390
2344
1055
281
479
1527
2816
3585
3383
2331
1041
278
486
1541
2828
3590
3375
2317
1030
275
494
1555
2840
3592
3369
2303
1019
272
500
1570
2852
3596
3362
2290
1009
269
508
1583
2862
3598
3353
2277
996
266
515
1596
2875
3600
3346
2262
984
263
523
1609
2886
3603
3338
2248
974
260
531
1624
2898
3606
3330
2235
964
258
539
1637
2909
3608
3323
2220
950
256
547
1650
2920
3611
3314
2207
940
253
556
1664
2931
3612
3305
2193
929
252
564
1678
2943
3614
3297
2179
916
250
572
1691
2955
3616
3290
2167
905
248
580
1705
2965
3618
3281
2153
894
246
589
1719
2977
3620
3273
2139
883
244
597
1731
2987
3621
3264
2125
873
243
606
1747
2998
3623
3255
2111
862
242
613
1761
3009
3624
3246
2097
852
240
623
1775
3020
3625
3238
2082
842
239
631
1788
3031
3626
3229
2069
829
238
641
1804
3040
3628
3219
2055
819
237
649
1816
3052
3629
3209
2042
808
236
659
1830
3060
3630
3201
2028
796
235
669
1844
3072
3631
3191
2014
787
234
678
1858
3082
3632
3181
2000
777
234
687
1873
3092
3632
3172
1986
766
233
697
1885
3102
3631
3162
1972
757
233
706
1901
3112
3632
3153
1958
747
232
716
1914
3123
3633
3144
1944
737
232
725
1928
3130
3633
3133
1932
727
232
735
1940
3141
3633
3124
1917
718
232
744
1954
3151
3633
3114
1904
709
232
754
1968
3160
3632
3104
1890
699
232
764
1982
3170
3632
3094
1877
690
234
775
1996
3179
3631
3085
1861
679
235
784
2011
3190
3631
3075
1848
671
235
796
2025
3199
3630
3065
1834
661
236
806
2038
3208
3629
3054
1820
652
236
816
2051
3217
3628
3043
1807
644
238
828
2065
3227
3627
3033
1792
634
239
838
2079
3236
3626
3022
1779
626
240
849
2093
3245
3624
3012
1765
617
241
859
2107
3253
3624
3002
1749
607
243
870
2121
3262
3622
2990
1737
598
244
881
2135
3271
3620
2979
1721
591
246
892
2148
3279
3618
2967
1709
582
249
902
2162
3288
3615
2957
1695
574
250
915
2175
3296
3614
2945
1683
565
252
926
2189
3305
3613
2933
1669
558
253
938
2203
3313
3611
2921
1656
548
255
948
2216
3321
3608
2910
1642
540
258
960
2230
3329
3606
2900
1628
532
261
971
2244
3337
3603
2888
1614
525
264
982
2258
3344
3600
2877
1600
516
266
993
2272
3352
3598
2866
1587
509
269
1005
2287
3360
3595
2855
1574
502
272
1016
2299
3368
3592
2842
1559
495
274
1029
2313
3374
3589
2832
1545
487
278
1041
2326
3381
3586
2818
1531
480
281
1053
2340
3387
3582
2806
1517
473
284
1065
2352
3395
3579
2794
1504
465
287
1077
2367
3402
3576
2782
1490
459
291
1089
2380
3410
3571
2770
1477
452
295
1100
2396
3416
3568
2760
1464
445
300
1112
2407
3424
3564
2747
1451
438
302
1124
2421
3430
3560
2734
1439
432
306
1136
2434
3437
3557
2723
1425
425
311
1148
2448
3444
3550
2709
1411
417
313
1162
2462
3449
3547
2697
1399
412
321
1174
2475
3456
3542
2685
1384
405
325
1186
2488
3462
3538
2673
1371
400
329
1199
2500
3468
3534
2660
1358
394
334
1211
2513
3474
3529
2648
1345
388
339
1222
2528
3480
3523
2635
1332
382
344
1236
2541
3487
3518
2623
1319
376
349
1248
2553
3491
3514
2610
1306
372
353
1261
2566
3497
3509
2598
1293
366
360
1275
2579
3503
3504
2584
1279
361
365
1287
2594
3508
3499
2572
1266
356
371
1299
2606
3514
3492
2558
1254
348
376
1314
2618
3518
3489
2545
1242
344
381
1327
2631
3523
3482
2532
1229
338
387
1340
2644
3527
3476
2521
1216
334
393
1354
2655
3533
3470
2506
1204
329
399
1366
2667
3538
3463
2493
1192
325
405
1379
2680
3542
3457
2480
1180
321
411
1392
2692
3546
3450
2465
1166
316
418
1406
2705
3550
3445
2451
1154
312
423
1418
2716
3556
3438
2439
1141
306
429
1432
2729
3560
3430
2425
1129
303
436
1446
2740
3564
3425
2412
1116
299
443
1459
2755
3568
3418
2399
1104
295
450
1472
2766
3571
3411
2386
1093
291
457
1486
2778
3575
3404
2372
1080
288
465
1499
2790
3579
3398
2360
1069
285
471
1513
2803
3582
3390
2344
1057
282
478
1527
2814
3584
3383
2332
1045
278
485
1541
2827
3589
3376
2319
1031
274
493
1553
2838
3592
3369
2304
1021
271
499
1569
2850
3594
3362
2291
1009
269
507
1582
2862
3598
3354
2278
997
267
515
1595
2873
3600
3347
2264
986
264
522
1608
2886
3602
3339
2250
975
261
530
1622
2896
3606
3332
2236
964
258
538
1635
2907
3608
3323
2222
952
256
546
1648
2919
3610
3315
2208
940
253
554
1662
2930
3612
3305
2194
931
252
562
1676
2941
3614
3298
2180
918
250
570
1689
2953
3616
3291
2168
906
248
579
1703
2964
3617
3282
2155
896
246
587
1717
2975
3619
3274
2141
885
245
596
1730
2986
3621
3265
2127
874
243
604
1745
2996
3623
3256
2114
863
242
612
1759
3008
3624
3248
2099
853
240
621
1773
3019
3625
3240
2084
843
239
630
1786
3029
3627
3230
2070
830
237
639
1802
3039
3628
3220
2057
820
237
649
1814
3051
3629
3211
2044
810
236
657
1828
3060
3630
3201
2030
799
235
667
1841
3070
3631
3193
2017
789
234
677
1857
3080
3631
3183
2002
779
233
687
1869
3091
3632
3173
1987
768
233
695
1885
3102
3632
3163
1974
757
233
705
1899
3111
3632
3154
1960
748
232
715
1912
3121
3633
3144
1947
738
233
724
1925
3130
3633
3135
1933
728
232
734
1938
3140
3633
3125
1919
719
232
744
1953
3149
3633
3116
1905
710
233
753
1966
3159
3632
3105
1891
700
233
763
1981
3169
3631
3095
1878
691
234
773
1994
3178
3631
3087
1863
681
235
784
2009
3189
3631
3076
1849
671
234
795
2022
3198
3630
3066
1836
662
236
804
2037
3206
3630
3055
1821
653
236
815
2050
3217
3628
3044
1809
646
237
826
2064
3225
3627
3035
1795
636
238
836
2078
3235
3625
3023
1781
626
240
848
2091
3244
3624
3013
1767
618
241
857
2107
3253
3623
3003
1752
609
243
869
2119
3261
3622
2991
1737
600
245
880
2133
3270
3620
2980
1724
592
246
890
2147
3278
3618
2969
1710
583
248
901
2160
3287
3616
2959
1696
574
250
912
2172
3295
3614
2946
1685
566
252
924
2188
3304
3613
2935
1671
558
253
936
2201
3313
3612
2923
1658
550
254
948
2215
3320
3609
2912
1643
542
257
959
2229
3328
3606
2901
1631
533
261
970
2242
3337
3603
2889
1616
526
262
981
2256
3343
3601
2878
1602
518
266
992
2270
3352
3598
2867
1588
511
268
1004
2285
3358
3595
2856
1575
503
271
1015
2297
3367
3592
2845
1561
496
273
1028
2311
3373
3590
2833
1546
488
277
1039
2325
3381
3586
2822
1532
481
281
1051
2338
3387
3583
2808
1519
473
284
1063
2352
3394
3580
2796
1505
466
287
1075
2366
3402
3576
2784
1492
459
291
1087
2379
3409
3572
2773
1478
453
294
1098
2393
3416
3568
2761
1464
446
299
1110
2406
3423
3565
2749
1452
439
302
1122
2420
3430
3561
2736
1439
433
306
1134
2433
3437
3557
2725
1427
425
311
1147
2446
3442
3552
2712
1414
419
313
1160
2460
3449
3549
2699
1399
413
320
1173
2472
3456
3543
2686
1386
406
324
1185
2486
3462
3538
2673
1372
401
329
1198
2498
3467
3535
2662
1360
395
333
1210
2512
3473
3530
2648
1346
389
337
1221
2526
3479
3524
2637
1334
383
344
1234
2539
3487
3520
2625
1320
377
348
1247
2552
3491
3515
2612
1307
372
352
1259
2564
3497
3510
2600
1295
367
359
1272
2577
3502
3505
2587
1281
362
364
1286
2592
3508
3499
2573
1267
356
370
1298
2604
3513
3494
2560
1255
349
375
1312
2617
3518
3489
2548
1243
345
380
1326
2629
3522
3482
2534
1231
340
386
1338
2641
3527
3477
2522
1218
335
392
1351
2653
3532
3470
2507
1205
329
398
1364
2666
3536
3464
2494
1193
325
404
1377
2679
3542
3458
2480
1181
321
409
1390
2690
3546
3452
2466
1168
317
417
1404
2705
3550
3446
2454
1154
313
421
1417
2715
3556
3440
2441
1142
307
429
1431
2726
3559
3433
2427
1130
304
436
1445
2739
3564
3426
2414
1117
299
443
1458
2754
3566
3419
2400
1106
296
449
1471
2765
3571
3413
2388
1094
293
456
1484
2777
3576
3406
2375
1082
289
463
1497
2788
3578
3399
2360
1071
285
470
1511
2801
3582
3391
2346
1058
282
477
1525
2813
3585
3384
2333
1046
278
484
1539
2826
3589
3378
2320
1033
274
491
1551
2838
3592
3370
2307
1023
272
498
1567
2848
3594
3363
2292
1011
269
506
1579
2861
3598
3356
2280
999
266
513
1593
2871
3599
3348
2265
988
264
521
1607
2884
3602
3340
2251
978
261
529
1619
2895
3605
3332
2238
965
258
536
1634
2906
3608
3324
2223
953
256
546
1647
2918
3610
3317
2210
943
254
554
1660
2929
3613
3308
2197
931
252
561
1675
2939
3614
3299
2183
920
251
570
1688
2951
3616
3292
2170
908
248
578
1701
2963
3617
3283
2156
897
247
586
1714
2973
3618
3275
2143
886
245
594
1729
2984
3621
3267
2130
875
244
604
1742
2995
3623
3257
2115
865
242
611
1757
3007
3624
3249
2101
854
240
620
1771
3018
3625
3241
2086
844
240
629
1785
3027
3627
3232
2072
832
238
638
1800
3038
3627
3221
2059
822
236
647
1813
3048
3629
3212
2046
810
236
655
1826
3060
3630
3203
2032
802
236
665
1840
3070
3631
3193
2018
790
233
675
1855
3079
3631
3185
2004
780
233
685
1869
3090
3632
3174
1990
768
233
695
1883
3100
3632
3165
1975
759
233
704
1896
3109
3632
3156
1962
749
233
714
1911
3120
3632
3145
1948
739
232
723
1924
3128
3633
3136
1934
731
232
733
1936
3139
3633
3125
1921
720
231
742
1951
3149
3633
3117
1907
711
233
752
1965
3158
3632
3108
1893
702
233
762
1978
3167
3632
3098
1880
693
234
772
1993
3176
3631
3088
1865
682
235
782
2006
3185
3631
3078
1851
671
234
793
2021
3197
3630
3067
1837
663
234
803
2035
3205
3629
3056
1824
654
236
814
2047
3216
3628
3046
1810
645
237
824
2062
3224
3628
3036
1797
637
238
834
2076
3235
3626
3025
1781
628
240
847
2089
3243
3624
3015
1768
619
242
857
2104
3251
3623
3004
1753
610
242
867
2118
3261
3622
2992
1739
601
244
878
2131
3269
3620
2982
1725
592
246
888
2146
3277
3618
2971
1712
584
248
900
2159
3285
3616
2959
1698
576
250
912
2172
3294
3614
2947
1687
566
252
923
2186
3303
3614
2935
1672
558
253
935
2200
3311
3611
2924
1659
550
255
946
2213
3319
3608
2914
1645
542
257
957
2226
3327
3606
2903
1631
534
259
968
2240
3335
3603
2891
1618
527
262
980
2254
3343
3601
2880
1603
519
265
990
2268
3350
3598
2869
1590
512
268
1002
2284
3357
3596
2857
1576
504
271
1013
2296
3366
3592
2846
1563
497
273
1027
2309
3372
3590
2834
1549
490
277
1037
2324
3380
3587
2822
1535
482
280
1049
2337
3386
3583
2810
1520
473
284
1061
2351
3394
3580
2798
1506
467
287
1073
2364
3401
3576
2786
1494
461
289
1085
2376
3408
3573
2774
1480
453
294
1097
2391
3415
3569
2762
1467
447
298
1109
2405
3422
3566
2751
1454
439
301
1120
2418
3430
3562
2737
1441
433
305
1133
2431
3435
3558
2725
1428
425
310
1146
2444
3442
3553
2713
1415
420
313
1158
2458
3448
3549
2700
1401
413
319
1171
2471
3455
3544
2688
1387
406
324
1183
2484
3462
3539
2675
1374
401
328
1196
2497
3467
3534
2664
1361
395
333
1208
2510
3472
3530
2650
1349
389
337
1219
2524
3479
3525
2639
1336
383
342
1233
2538
3487
3520
2626
1322
377
348
1246
2549
3491
3515
2614
1309
373
353
1258
2562
3496
3511
2601
1295
368
358
1269
2576
3502
3505
2588
1283
362
364
1284
2590
3508
3500
2574
1269
356
369
1296
2602
3512
3495
2561
1257
350
374
1311
2615
3518
3490
2549
1244
345
380
1325
2627
3522
3482
2535
1232
341
385
1338
2640
3527
3477
2523
1219
335
391
1349
2653
3532
3471
2509
1207
329
397
1363
2664
3537
3465
2496
1194
326
403
1375
2677
3541
3459
2482
1182
321
409
1388
2689
3545
3453
2467
1169
317
415
1403
2702
3550
3446
2455
1156
313
421
1415
2714
3556
3442
2442
1143
307
427
1429
2725
3560
3434
2429
1131
303
433
1443
2737
3564
3428
2416
1118
299
441
1456
2753
3566
3420
2402
1106
297
449
1469
2763
3571
3413
2388
1095
293
455
1483
2775
3574
3406
2376
1084
289
463
1495
2787
3578
3400
2364
1073
285
469
1510
2799
3581
3392
2348
1060
282
476
1523
2811
3584
3385
2336
1048
279
483
1537
2822
3588
3378
2323
1035
275
491
1550
2836
3591
3370
2308
1023
272
497
1565
2848
3594
3365
2294
1012
270
505
1578
2860
3597
3357
2282
1000
267
513
1591
2870
3599
3349
2267
989
264
521
1605
2882
3602
3341
2254
978
261
528
1616
2892
3605
3333
2240
967
258
536
1632
2905
3607
3325
2225
955
256
544
1646
2916
3610
3317
2212
944
254
552
1658
2928
3612
3309
2198
932
252
558
1673
2938
3614
3301
2184
922
251
568
1687
2950
3616
3293
2171
909
249
576
1700
2961
3617
3284
2157
898
247
586
1713
2972
3619
3276
2144
887
245
594
1727
2983
3621
3268
2131
876
244
602
1741
2994
3622
3259
2117
865
241
610
1755
3007
3624
3250
2103
856
241
619
1769
3016
3625
3242
2087
845
239
628
1783
3027
3627
3233
2074
832
237
637
1798
3037
3628
3223
2061
823
237
646
1811
3048
3629
3213
2047
812
236
655
1825
3058
3630
3204
2033
802
236
664
1838
3068
3631
3195
2020
792
234
674
1853
3078
3631
3185
2006
781
233
684
1868
3089
3632
3175
1992
770
233
693
1881
3100
3632
3166
1977
760
233
703
1895
3108
3632
3156
1964
750
232
712
1909
3119
3632
3147
1950
740
232
722
1922
3127
3633
3137
1936
732
232
732
1935
3138
3633
3127
1923
721
232
740
1950
3147
3633
3118
1909
712
233
751
1963
3156
3632
3108
1895
703
233
761
1976
3166
3632
3098
1882
693
233
770
1992
3176
3631
3088
1868
683
235
780
2005
3185
3631
3079
1853
674
234
791
2019
3196
3631
3069
1840
664
235
802
2033
3205
3629
3057
1825
655
236
812
2047
3215
3628
3047
1811
648
237
823
2060
3223
3627
3037
1799
638
238
833
2074
3233
3626
3026
1783
629
240
846
2087
3242
3624
3015
1770
620
241
856
2101
3250
3623
3006
1755
613
242
866
2116
3259
3622
2994
1741
602
244
877
2129
3268
3620
2982
1727
594
246
887
2143
3276
3618
2972
1713
585
248
899
2156
3284
3616
2961
1700
577
250
910
2171
3293
3614
2947
1687
568
252
922
2184
3301
3613
2937
1675
558
253
934
2198
3309
3612
2926
1661
552
255
947
2212
3318
3609
2915
1647
544
258
956
2224
3325
3606
2903
1635
536
260
967
2240
3333
3603
2892
1619
528
263
979
2252
3341
3601
2881
1605
520
265
990
2266
3349
3598
2870
1592
512
268
1001
2281
3356
3595
2858
1578
506
271
1013
2294
3364
3592
2846
1566
498
274
1025
2308
3371
3590
2835
1551
491
277
1037
2322
3378
3586
2822
1536
483
281
1049
2334
3385
3583
2810
1524
476
284
1061
2349
3392
3579
2798
1508
469
287
1073
2362
3400
3576
2787
1495
461
291
1085
2376
3406
3572
2775
1482
454
294
1096
2389
3413
3568
2762
1469
449
299
1108
2403
3420
3566
2752
1455
441
302
1120
2416
3428
3562
2738
1443
433
306
1132
2429
3434
3558
2728
1430
427
310
1144
2442
3441
3554
2716
1417
421
313
1157
2456
3446
3549
2701
1403
415
319
1170
2470
3454
3544
2689
1388
408
323
1182
2482
3460
3539
2677
1376
401
328
1194
2496
3466
3536
2665
1363
396
332
1207
2509
3471
3530
2652
1351
390
337
1219
2523
3477
3525
2641
1338
384
342
1231
2536
3485
3521
2628
1325
379
347
1244
2548
3490
3516
2615
1311
373
352
1256
2561
3495
3511
2603
1299
368
358
1269
2573
3501
3506
2590
1285
363
364
1282
2588
3506
3500
2576
1271
357
368
1295
2600
3511
3495
2564
1259
350
373
1309
2614
3516
3490
2550
1245
345
379
1322
2626
3521
3485
2537
1234
341
385
1336
2638
3526
3478
2524
1221
337
390
1348
2650
3531
3472
2510
1209
331
397
1361
2663
3536
3465
2497
1197
327
403
1374
2675
3539
3459
2484
1185
321
409
1387
2687
3544
3453
2470
1170
319
415
1399
2700
3550
3447
2457
1159
313
421
1414
2711
3554
3441
2443
1146
309
427
1427
2723
3558
3434
2431
1134
305
433
1440
2736
3562
3428
2417
1122
301
441
1454
2750
3565
3420
2404
1109
297
448
1467
2762
3570
3413
2391
1097
294
454
1481
2774
3574
3407
2378
1085
289
461
1495
2785
3578
3400
2364
1074
286
468
1508
2797
3580
3393
2352
1062
283
476
1521
2810
3583
3386
2336
1049
280
483
1535
2822
3587
3379
2323
1038
277
490
1548
2834
3590
3372
2310
1026
273
497
1561
2846
3593
3364
2296
1014
270
504
1577
2857
3596
3357
2283
1002
268
512
1590
2870
3599
3350
2268
990
265
520
1604
2881
3600
3341
2255
980
261
527
1617
2891
3604
3334
2240
969
259
535
1630
2903
3607
3326
2228
956
257
543
1644
2914
3610
3319
2214
945
255
551
1657
2925
3612
3310
2200
933
253
558
1672
2937
3613
3301
2186
923
252
568
1685
2947
3615
3293
2172
912
249
576
1698
2960
3617
3285
2159
900
247
584
1711
2971
3618
3276
2145
888
245
593
1725
2981
3620
3268
2132
879
244
602
1739
2992
3622
3260
2119
868
243
611
1753
3006
3623
3251
2105
856
242
618
1768
3015
3625
3243
2090
846
239
627
1781
3025
3626
3233
2076
834
239
636
1796
3035
3627
3223
2063
825
237
645
1809
3047
3628
3215
2048
814
236
654
1823
3056
3630
3205
2035
804
236
663
1837
3066
3631
3196
2022
794
235
673
1851
3076
3631
3185
2008
782
234
683
1865
3086
3631
3177
1994
772
234
693
1880
3097
3631
3166
1979
762
234
702
1893
3107
3632
3157
1965
752
233
711
1907
3117
3631
3148
1951
742
233
722
1920
3125
3632
3138
1938
734
232
731
1934
3136
3632
3128
1925
723
232
740
1948
3145
3631
3119
1911
714
233
749
1962
3155
3632
3109
1897
704
234
760
1975
3165
3631
3099
1883
695
234
769
1989
3173
3631
3089
1869
685
235
780
2004
3185
3630
3081
1855
676
236
790
2018
3194
3630
3071
1841
667
236
801
2032
3203
3629
3059
1826
656
236
812
2046
3211
3628
3049
1813
647
237
822
2058
3222
3627
3038
1801
639
238
832
2072
3231
3625
3027
1785
630
240
844
2085
3241
3624
3017
1771
621
241
855
2099
3249
3624
3007
1757
614
242
865
2114
3259
3622
2995
1742
603
244
876
2128
3267
3620
2984
1729
595
245
887
2142
3275
3618
2973
1716
586
248
898
2155
3283
3616
2963
1702
578
249
908
2169
3292
3615
2951
1689
570
252
920
2182
3301
3613
2938
1676
561
253
932
2196
3308
3612
2927
1663
552
254
944
2209
3317
3610
2916
1649
544
256
954
2223
3324
3607
2905
1635
537
259
965
2237
3334
3604
2893
1621
529
262
977
2250
3341
3602
2883
1607
521
265
988
2265
3349
3599
2871
1594
514
268
999
2280
3356
3596
2860
1581
506
271
1011
2292
3363
3593
2848
1568
498
273
1024
2306
3369
3590
2837
1553
491
276
1035
2320
3378
3587
2826
1539
483
280
1047
2332
3384
3584
2812
1524
477
283
1058
2346
3391
3582
2801
1511
469
286
1071
2360
3399
3578
2789
1498
463
289
1083
2374
3406
3574
2777
1484
456
294
1094
2388
3412
3570
2765
1471
449
297
1106
2401
3419
3566
2754
1457
441
301
1118
2414
3427
3562
2740
1444
435
305
1129
2428
3433
3558
2728
1431
429
309
1142
2440
3440
3554
2717
1419
421
313
1154
2454
3446
3550
2703
1404
416
319
1168
2468
3453
3544
2690
1391
409
323
1181
2480
3459
3539
2678
1378
403
328
1193
2494
3465
3536
2666
1365
397
332
1204
2506
3470
3530
2653
1353
391
337
1218
2521
3476
3526
2642
1339
386
341
1230
2534
3483
3521
2629
1326
380
346
1242
2547
3489
3516
2616
1312
374
352
1255
2559
3494
3512
2604
1299
369
358
1267
2572
3499
3506
2592
1287
364
363
1279
2584
3505
3501
2577
1273
358
368
1294
2600
3511
3495
2564
1260
352
373
1308
2612
3516
3490
2552
1248
347
378
1320
2624
3521
3485
2539
1235
342
384
1334
2636
3525
3478
2525
1222
337
389
1347
2649
3530
3472
2512
1210
332
396
1359
2662
3535
3466
2498
1198
328
402
1372
2674
3539
3460
2486
1186
323
408
1385
2686
3544
3454
2472
1172
318
415
1399
2698
3549
3448
2458
1160
313
421
1412
2710
3554
3442
2446
1146
310
426
1426
2722
3558
3436
2432
1135
305
433
1439
2734
3562
3429
2419
1123
301
440
1453
2749
3566
3422
2406
1110
297
447
1466
2761
3568
3414
2393
1099
294
453
1479
2772
3573
3408
2380
1087
290
460
1492
2785
3577
3401
2367
1075
286
467
1506
2796
3580
3394
2352
1063
283
475
1519
2809
3583
3386
2339
1051
280
481
1533
2821
3586
3380
2325
1039
277
489
1547
2833
3590
3372
2312
1027
274
497
1560
2844
3594
3366
2298
1015
271
503
1575
2856
3596
3358
2286
1003
268
510
1589
2868
3598
3351
2270
992
265
519
1601
2879
3601
3343
2256
981
263
527
1615
2890
3604
3335
2243
969
260
534
1628
2902
3606
3327
2230
958
257
542
1642
2913
3608
3319
2216
947
255
550
1656
2923
3611
3310
2202
936
253
558
1669
2935
3613
3303
2187
924
252
566
1683
2947
3615
3294
2173
912
249
575
1697
2959
3616
3286
2161
901
247
583
1709
2970
3618
3278
2147
891
247
592
1723
2980
3619
3269
2134
879
244
601
1737
2991
3622
3261
2120
869
243
610
1749
3003
3623
3252
2107
858
242
618
1765
3013
3625
3244
2091
848
239
626
1780
3023
3626
3235
2077
836
239
635
1794
3034
3627
3225
2064
826
237
643
1808
3044
3628
3216
2050
815
236
653
1821
3054
3629
3207
2037
804
236
662
1834
3065
3630
3197
2024
794
235
671
1849
3076
3631
3188
2010
784
234
682
1863
3086
3631
3178
1994
772
234
691
1877
3096
3631
3169
1981
763
233
701
1891
3106
3632
3158
1967
753
233
710
1905
3116
3632
3149
1954
744
233
720
1918
3124
3631
3140
1940
735
232
729
1932
3134
3633
3130
1927
724
232
738
1946
3144
3632
3121
1913
715
233
748
1959
3153
3631
3111
1899
705
233
758
1973
3164
3631
3100
1885
697
234
768
1987
3173
3631
3090
1871
687
235
778
2001
3183
3630
3082
1857
677
236
788
2015
3193
3631
3071
1843
668
235
800
2030
3201
3629
3060
1828
658
236
810
2044
3211
3628
3049
1815
649
236
820
2056
3221
3627
3039
1802
641
238
830
2070
3231
3626
3029
1787
632
239
842
2083
3240
3624
3018
1773
622
241
853
2097
3247
3623
3007
1759
615
242
864
2113
3257
3622
2996
1745
604
244
874
2127
3265
3620
2986
1731
595
246
885
2140
3273
3619
2974
1717
587
248
896
2154
3282
3616
2963
1704
580
249
906
2167
3290
3615
2953
1690
571
252
918
2181
3298
3614
2940
1678
562
253
931
2194
3308
3612
2929
1664
554
253
942
2208
3316
3610
2917
1651
546
256
954
2220
3323
3607
2907
1637
538
259
965
2235
3332
3604
2895
1623
529
261
976
2249
3339
3602
2885
1608
522
264
986
2264
3347
3598
2873
1595
514
267
998
2278
3354
3596
2862
1582
507
270
1010
2291
3362
3594
2851
1570
499
273
1021
2304
3370
3591
2838
1555
492
275
1033
2318
3376
3588
2826
1540
484
279
1045
2332
3384
3584
2814
1524
477
282
1057
2344
3390
3581
2802
1512
470
286
1069
2359
3398
3578
2790
1499
463
289
1081
2372
3404
3574
2778
1486
457
293
1093
2385
3412
3570
2766
1473
449
297
1104
2400
3418
3566
2756
1459
441
301
1116
2413
3426
3562
2741
1447
436
305
1128
2426
3433
3558
2730
1433
429
309
1141
2439
3440
3554
2719
1420
422
313
1154
2452
3446
3550
2707
1407
416
318
1167
2466
3452
3546
2692
1393
409
322
1178
2480
3459
3540
2680
1379
404
327
1192
2492
3464
3536
2668
1366
398
331
1203
2505
3470
3532
2655
1354
392
336
1216
2519
3476
3526
2644
1340
387
341
1228
2532
3482
3522
2631
1328
380
346
1241
2544
3489
3517
2618
1313
374
351
1253
2558
3493
3512
2605
1301
370
357
1267
2571
3499
3506
2592
1289
365
363
1279
2584
3505
3502
2580
1275
359
368
1293
2598
3510
3496
2567
1262
353
373
1306
2611
3515
3490
2554
1250
347
377
1319
2623
3520
3486
2540
1236
343
384
1333
2635
3524
3478
2527
1224
337
389
1345
2648
3530
3473
2513
1212
332
395
1358
2660
3535
3467
2500
1199
328
401
1371
2673
3539
3461
2487
1187
323
407
1384
2684
3543
3455
2473
1174
319
413
1398
2697
3549
3449
2460
1162
313
419
1411
2708
3554
3443
2447
1148
311
426
1423
2720
3557
3436
2434
1136
305
433
1437
2733
3561
3430
2420
1125
301
439
1451
2745
3565
3422
2407
1112
298
446
1465
2760
3569
3416
2394
1100
294
453
1477
2771
3572
3409
2382
1089
290
460
1491
2783
3576
3401
2368
1077
287
466
1504
2794
3580
3395
2352
1065
284
473
1518
2807
3583
3387
2340
1053
280
481
1532
2818
3586
3381
2327
1041
277
488
1545
2832
3590
3373
2313
1029
274
496
1559
2843
3593
3367
2300
1017
271
502
1573
2855
3596
3360
2287
1005
268
510
1586
2866
3598
3352
2272
994
265
517
1600
2877
3601
3344
2259
981
262
526
1613
2888
3604
3337
2245
971
260
533
1627
2900
3606
3329
2232
960
257
542
1640
2911
3608
3321
2218
949
255
549
1654
2923
3611
3312
2204
936
253
558
1668
2935
3613
3304
2190
926
252
566
1681
2946
3615
3295
2176
915
250
574
1695
2958
3616
3287
2163
902
248
582
1708
2968
3618
3279
2149
892
246
591
1722
2979
3620
3270
2135
881
244
599
1736
2989
3621
3261
2121
871
243
609
1749
3002
3623
3253
2107
859
241
616
1765
3012
3625
3244
2093
848
240
625
1778
3023
3626
3236
2079
839
238
633
1793
3033
3627
3225
2066
827
237
642
1807
3043
3628
3216
2051
816
237
651
1820
3053
3629
3208
2039
806
236
661
1833
3064
3630
3198
2025
796
235
671
1847
3075
3631
3189
2011
785
234
681
1861
3084
3631
3179
1996
775
234
690
1876
3095
3632
3169
1982
764
233
699
1889
3105
3632
3159
1968
754
233
709
1903
3114
3632
3150
1955
744
233
719
1917
3124
3632
3141
1942
735
232
728
1931
3133
3633
3131
1928
724
232
737
1944
3143
3632
3122
1914
716
233
747
1958
3153
3632
3112
1901
706
233
757
1972
3162
3632
3102
1886
697
234
767
1986
3172
3632
3092
1873
687
234
777
2000
3182
3631
3083
1858
678
235
787
2014
3192
3630
3073
1845
669
236
796
2028
3201
3630
3061
1831
659
236
809
2042
3209
3628
3051
1817
649
236
819
2055
3220
3627
3040
1804
642
238
829
2069
3229
3626
3031
1788
633
239
841
2082
3239
3624
3019
1775
623
241
852
2096
3246
3624
3009
1761
616
242
863
2111
3257
3623
2997
1747
606
243
873
2125
3264
3621
2987
1732
597
245
884
2139
3273
3618
2975
1719
589
247
894
2152
3281
3617
2965
1705
580
249
906
2166
3289
3615
2955
1691
572
251
916
2179
3298
3614
2941
1679
563
253
930
2192
3305
3612
2930
1665
554
253
940
2206
3315
3610
2919
1653
546
256
952
2220
3322
3608
2907
1639
538
258
964
2232
3330
3605
2897
1624
530
261
974
2247
3338
3603
2886
1611
523
263
985
2261
3347
3599
2874
1597
514
267
997
2276
3354
3597
2864
1584
508
269
1008
2290
3361
3594
2852
1571
500
273
1019
2302
3369
3590
2839
1556
493
275
1032
2316
3375
3589
2828
1541
485
278
1044
2329
3383
3585
2816
1527
479
282
1056
2343
3389
3582
2803
1513
470
285
1067
2357
3397
3578
2792
1500
464
289
1079
2370
3404
3574
2780
1487
457
293
1091
2384
3411
3571
2768
1474
449
296
1103
2399
3418
3566
2757
1461
443
300
1114
2411
3426
3562
2743
1448
437
304
1127
2424
3430
3559
2731
1435
429
309
1139
2437
3438
3556
2721
1422
423
313
1153
2451
3446
3550
2708
1408
417
317
1166
2464
3451
3546
2694
1395
410
321
1178
2478
3458
3542
2681
1381
404
326
1190
2491
3464
3538
2669
1368
398
330
1202
2504
3470
3532
2657
1355
393
335
1215
2516
3475
3527
2645
1341
387
340
1226
2531
3481
3522
2632
1330
381
345
1239
2543
3489
3518
2620
1315
375
350
1251
2556
3493
3513
2607
1303
371
356
1264
2569
3499
3507
2594
1290
365
361
1278
2584
3504
3503
2582
1277
360
367
1291
2596
3510
3497
2568
1263
353
372
1303
2608
3514
3490
2555
1250
347
377
1317
2622
3520
3487
2542
1238
343
383
1331
2633
3524
3479
2528
1225
337
389
1343
2647
3529
3474
2515
1213
333
394
1356
2658
3534
3467
2502
1201
329
401
1369
2670
3538
3462
2489
1188
325
406
1382
2683
3543
3455
2476
1177
320
413
1395
2696
3548
3450
2462
1163
315
419
1410
2706
3552
3444
2448
1150
311
425
1422
2719
3557
3438
2435
1138
306
433
1436
2731
3561
3430
2422
1126
302
438
1449
2743
3565
3423
2409
1114
299
445
1462
2758
3567
3416
2396
1101
295
452
1476
2769
3573
3410
2383
1091
290
459
1489
2781
3576
3402
2370
1078
287
466
1502
2793
3579
3396
2356
1066
284
473
1516
2806
3583
3389
2342
1053
281
480
1529
2818
3586
3382
2328
1041
277
487
1543
2830
3590
3375
2315
1029
274
495
1556
2841
3593
3368
2301
1018
271
501
1571
2854
3596
3360
2288
1006
268
508
1585
2864
3598
3353
2274
995
266
516
1598
2876
3601
3345
2260
983
263
524
1612
2887
3604
3337
2246
972
260
532
1624
2899
3606
3329
2232
962
257
540
1639
2911
3608
3321
2219
949
255
548
1652
2921
3611
3313
2204
939
253
558
1666
2933
3613
3305
2190
927
252
565
1680
2945
3615
3297
2177
916
250
572
1693
2955
3616
3288
2164
904
248
581
1707
2967
3618
3280
2151
893
246
590
1720
2978
3620
3272
2137
882
244
598
1734
2989
3621
3263
2123
871
243
607
1748
3001
3623
3254
2110
860
241
615
1763
3011
3625
3245
2095
850
239
623
1776
3021
3626
3237
2080
840
238
632
1792
3031
3627
3227
2067
828
237
642
1805
3041
3628
3218
2054
818
237
651
1818
3053
3629
3209
2041
807
236
659
1831
3062
3631
3200
2027
796
235
670
1845
3073
3631
3190
2013
786
23