2222
952
257
547
1650
2918
3608
3313
2208
941
254
557
1664
2930
3611
3305
2194
930
253
564
1678
2940
3614
3296
2180
920
252
572
1690
2953
3615
3289
2167
906
250
581
1704
2963
3617
3280
2154
896
248
590
1718
2975
3618
3272
2139
885
246
597
1731
2985
3619
3263
2126
874
244
607
1745
2996
3620
3255
2113
864
244
614
1760
3007
3623
3246
2098
853
241
623
1773
3018
3624
3238
2083
843
240
632
1787
3028
3625
3227
2070
831
240
641
1802
3039
3626
3219
2056
820
238
649
1815
3050
3627
3209
2044
810
237
659
1829
3059
3628
3201
2029
800
236
669
1842
3069
3629
3191
2016
789
236
678
1857
3079
3630
3181
2002
779
235
687
1869
3091
3630
3171
1986
769
236
697
1885
3100
3631
3162
1974
759
235
706
1899
3110
3631
3153
1959
748
234
716
1913
3120
3631
3143
1945
739
235
726
1926
3128
3631
3133
1932
729
234
735
1939
3140
3631
3124
1918
719
234
745
1954
3149
3631
3113
1905
710
235
755
1967
3157
3630
3104
1892
702
235
765
1981
3167
3630
3094
1877
691
236
775
1994
3177
3629
3085
1862
682
236
785
2009
3187
3630
3075
1849
671
237
796
2024
3197
3628
3063
1834
663
237
806
2038
3205
3627
3053
1821
655
238
816
2050
3216
3627
3043
1808
646
239
828
2064
3224
3625
3032
1793
636
240
839
2078
3234
3624
3022
1779
628
242
849
2091
3244
3622
3011
1765
619
243
860
2107
3252
3621
3002
1749
609
244
871
2121
3260
3619
2989
1737
600
246
880
2133
3269
3617
2979
1723
592
248
892
2147
3277
3616
2967
1710
584
250
903
2161
3285
3615
2957
1696
575
252
915
2174
3293
3614
2945
1685
567
253
927
2188
3301
3611
2933
1671
558
254
938
2202
3311
3610
2921
1657
550
256
949
2216
3320
3607
2911
1643
543
259
960
2230
3327
3604
2899
1631
534
262
971
2243
3335
3602
2888
1616
526
264
982
2257
3343
3599
2877
1602
518
267
994
2270
3351
3596
2866
1588
511
270
1005
2285
3357
3593
2854
1575
504
273
1017
2298
3365
3590
2843
1561
497
275
1029
2311
3372
3588
2832
1546
489
278
1041
2325
3379
3584
2820
1532
482
282
1053
2338
3386
3582
2806
1520
473
286
1064
2352
3393
3578
2794
1505
467
289
1077
2365
3401
3574
2783
1492
461
293
1089
2378
3407
3570
2771
1479
454
296
1100
2394
3415
3566
2761
1464
447
301
1111
2406
3422
3563
2748
1452
440
305
1124
2420
3429
3558
2734
1439
433
307
1135
2433
3436
3555
2724
1426
426
313
1148
2446
3441
3550
2709
1413
421
317
1162
2460
3448
3546
2697
1399
414
321
1174
2472
3454
3541
2685
1387
407
325
1186
2486
3461
3537
2673
1372
402
330
1198
2499
3466
3532
2660
1360
396
335
1212
2512
3472
3527
2648
1347
389
340
1222
2526
3478
3522
2636
1334
384
345
1235
2539
3485
3517
2624
1320
378
350
1248
2552
3490
3514
2610
1307
373
357
1260
2564
3495
3507
2598
1295
369
361
1273
2577
3501
3503
2584
1279
363
367
1287
2591
3506
3497
2572
1267
357
372
1299
2604
3510
3492
2559
1255
350
376
1313
2617
3516
3487
2545
1243
346
382
1327
2629
3522
3480
2532
1231
341
388
1339
2641
3526
3474
2520
1218
337
394
1353
2653
3530
3468
2506
1206
331
399
1365
2666
3535
3462
2493
1194
327
405
1378
2678
3540
3456
2480
1182
323
412
1391
2690
3545
3450
2465
1168
318
417
1405
2703
3550
3444
2452
1154
313
423
1419
2714
3554
3438
2439
1142
309
431
1432
2726
3558
3430
2425
1130
305
439
1445
2738
3562
3426
2413
1118
301
444
1459
2753
3565
3418
2400
1106
298
451
1472
2765
3570
3411
2387
1094
294
458
1484
2777
3574
3403
2373
1083
290
465
1498
2788
3577
3397
2360
1071
286
472
1511
2800
3580
3389
2346
1059
283
479
1526
2812
3583
3383
2332
1047
280
487
1539
2824
3587
3375
2319
1034
277
494
1553
2837
3590
3369
2305
1023
273
501
1569
2848
3592
3361
2292
1011
271
509
1580
2860
3595
3353
2279
999
269
516
1594
2872
3598
3346
2264
988
266
523
1607
2883
3600
3338
2250
978
263
531
1620
2893
3603
3331
2236
966
260
539
1635
2905
3605
3322
2223
954
259
547
1648
2917
3607
3313
2209
944
256
556
1662
2928
3610
3305
2196
932
254
565
1676
2938
3611
3296
2181
921
253
573
1689
2951
3614
3288
2169
909
251
581
1703
2962
3615
3281
2155
898
249
589
1716
2972
3616
3272
2140
887
248
598
1729
2983
3618
3263
2127
876
246
606
1743
2994
3619
3256
2115
866
245
613
1757
3007
3622
3246
2099
855
242
622
1772
3016
3623
3238
2085
846
242
632
1786
3027
3624
3229
2071
832
240
641
1800
3037
3626
3219
2058
822
239
649
1814
3048
3626
3210
2045
812
239
659
1827
3058
3628
3201
2031
802
238
669
1841
3068
3629
3192
2018
791
236
678
1856
3079
3629
3183
2002
780
236
687
1869
3089
3630
3173
1988
769
235
697
1884
3099
3630
3163
1974
760
236
706
1897
3108
3630
3153
1961
750
235
716
1911
3119
3631
3143
1947
740
235
725
1925
3127
3631
3134
1934
731
234
735
1937
3138
3631
3125
1921
721
235
744
1952
3147
3631
3115
1906
712
235
753
1966
3157
3630
3105
1893
703
236
764
1979
3166
3630
3095
1879
694
236
774
1994
3175
3630
3086
1865
683
236
784
2008
3185
3629
3076
1851
674
237
795
2022
3195
3628
3067
1837
664
237
806
2035
3204
3627
3055
1823
655
238
815
2048
3215
3626
3044
1809
646
240
826
2062
3223
3625
3034
1796
638
240
836
2076
3233
3623
3023
1781
629
242
849
2089
3242
3622
3012
1768
620
243
859
2105
3250
3621
3003
1753
611
245
869
2119
3259
3619
2991
1738
602
246
880
2131
3267
3617
2979
1725
594
248
890
2145
3276
3615
2968
1712
586
250
901
2159
3284
3615
2958
1698
578
252
914
2172
3293
3613
2946
1685
568
253
926
2186
3301
3611
2935
1673
561
256
936
2200
3309
3609
2923
1659
552
257
948
2212
3317
3607
2911
1645
544
260
959
2226
3325
3604
2901
1631
535
262
971
2240
3334
3602
2890
1617
528
265
981
2255
3341
3599
2878
1603
520
267
992
2268
3349
3597
2868
1590
513
270
1004
2283
3355
3593
2856
1577
506
273
1015
2296
3364
3590
2845
1562
498
277
1029
2309
3370
3587
2832
1549
491
278
1040
2323
3377
3585
2822
1534
484
282
1051
2336
3385
3581
2808
1520
476
285
1063
2351
3392
3578
2796
1506
469
289
1076
2364
3399
3574
2784
1494
461
293
1087
2378
3406
3570
2772
1480
455
297
1098
2392
3414
3566
2761
1466
449
301
1110
2405
3420
3562
2749
1454
441
305
1122
2418
3428
3559
2735
1441
433
307
1134
2431
3434
3556
2725
1428
427
313
1147
2444
3441
3550
2712
1415
421
316
1160
2458
3446
3546
2698
1399
414
321
1173
2472
3453
3542
2686
1387
408
326
1186
2484
3459
3537
2674
1374
403
330
1197
2497
3465
3532
2661
1361
397
335
1210
2511
3471
3528
2649
1349
391
340
1221
2524
3477
3522
2637
1336
385
345
1234
2538
3485
3518
2624
1321
379
350
1247
2550
3489
3512
2612
1309
374
355
1259
2563
3494
3507
2599
1296
370
361
1271
2575
3499
3503
2587
1284
364
366
1286
2590
3505
3498
2573
1270
359
372
1298
2602
3511
3492
2560
1258
352
377
1312
2615
3515
3487
2546
1245
346
382
1326
2627
3521
3480
2534
1233
343
388
1338
2639
3524
3474
2522
1219
337
393
1351
2652
3530
3468
2508
1207
333
399
1363
2664
3534
3462
2495
1195
328
405
1377
2677
3538
3456
2480
1184
323
411
1390
2689
3543
3450
2466
1170
320
418
1403
2702
3549
3444
2453
1158
315
425
1417
2713
3554
3438
2441
1143
311
432
1431
2724
3557
3430
2427
1132
306
437
1444
2737
3562
3424
2415
1120
302
444
1458
2753
3565
3418
2401
1108
299
450
1470
2763
3568
3411
2388
1095
295
457
1483
2775
3573
3404
2376
1085
291
465
1497
2786
3575
3396
2362
1073
287
472
1511
2799
3579
3390
2348
1060
284
478
1524
2811
3583
3383
2334
1048
281
485
1538
2822
3585
3376
2321
1035
277
493
1551
2836
3589
3369
2307
1024
274
499
1566
2846
3592
3362
2293
1013
271
507
1579
2858
3595
3355
2281
1000
269
515
1592
2870
3598
3347
2266
989
266
522
1606
2882
3600
3339
2252
979
263
530
1618
2892
3603
3332
2238
967
261
538
1633
2904
3606
3323
2224
956
259
546
1646
2915
3608
3315
2211
945
256
554
1660
2927
3610
3308
2197
932
253
562
1674
2937
3612
3298
2183
922
253
571
1688
2947
3614
3290
2171
910
250
578
1701
2961
3615
3282
2157
899
248
587
1714
2971
3617
3274
2143
888
247
596
1727
2982
3618
3265
2129
877
245
605
1741
2993
3620
3257
2116
868
244
612
1757
3006
3622
3248
2103
856
243
621
1770
3015
3623
3240
2087
846
241
629
1783
3026
3624
3231
2074
834
240
638
1799
3036
3625
3221
2060
824
238
648
1812
3047
3626
3211
2046
812
237
657
1825
3056
3628
3203
2033
803
238
666
1839
3067
3629
3193
2018
793
236
677
1853
3076
3630
3184
2005
783
236
686
1868
3088
3630
3173
1990
772
236
695
1882
3097
3630
3165
1976
762
236
705
1895
3108
3630
3155
1963
752
235
714
1909
3117
3630
3145
1949
743
235
724
1923
3126
3631
3135
1935
733
235
734
1936
3137
3631
3125
1922
723
234
743
1950
3146
3631
3116
1908
713
235
752
1964
3155
3630
3107
1894
704
235
763
1978
3165
3630
3096
1881
695
235
772
1992
3174
3629
3087
1868
685
236
783
2006
3185
3628
3077
1852
675
237
794
2020
3194
3628
3067
1838
665
237
804
2034
3203
3627
3056
1825
656
238
813
2047
3213
3626
3045
1811
647
239
825
2060
3222
3625
3035
1798
639
240
835
2075
3233
3624
3024
1782
631
242
847
2087
3241
3622
3014
1769
621
243
856
2103
3249
3622
3005
1755
614
244
868
2117
3258
3620
2992
1741
603
245
879
2131
3266
3618
2980
1727
594
248
889
2144
3276
3617
2971
1713
586
249
900
2157
3283
3615
2959
1700
578
252
912
2171
3291
3614
2947
1687
569
253
924
2185
3300
3611
2935
1674
561
255
934
2198
3308
3610
2925
1660
552
256
946
2211
3317
3607
2914
1647
546
259
957
2225
3325
3605
2902
1634
537
261
968
2239
3333
3602
2891
1619
529
264
980
2252
3340
3600
2880
1605
521
267
991
2267
3347
3597
2870
1592
513
270
1002
2282
3355
3594
2858
1579
506
272
1013
2294
3363
3590
2846
1565
498
276
1026
2307
3370
3588
2834
1551
492
279
1037
2322
3377
3584
2822
1536
484
282
1049
2335
3384
3582
2810
1523
477
285
1062
2350
3391
3578
2798
1508
469
289
1073
2362
3398
3574
2786
1495
463
293
1085
2376
3406
3571
2774
1481
456
296
1096
2389
3412
3566
2762
1469
449
300
1109
2404
3419
3564
2751
1455
441
304
1121
2416
3428
3560
2736
1442
435
307
1132
2430
3433
3556
2727
1430
429
312
1145
2442
3440
3550
2713
1417
422
316
1159
2456
3446
3546
2699
1403
416
321
1170
2470
3452
3542
2687
1389
409
325
1184
2482
3459
3538
2675
1376
403
329
1196
2496
3464
3533
2663
1363
397
334
1208
2509
3470
3529
2650
1351
392
339
1219
2523
3476
3523
2639
1338
385
344
1232
2535
3482
3519
2626
1325
380
349
1244
2548
3489
3514
2614
1311
374
354
1257
2561
3494
3508
2601
1297
370
360
1270
2574
3499
3503
2588
1286
365
365
1283
2588
3505
3499
2574
1271
359
371
1296
2600
3510
3493
2562
1259
354
376
1310
2613
3514
3488
2548
1246
346
381
1323
2626
3521
3482
2536
1234
343
386
1337
2638
3524
3476
2523
1221
337
392
1349
2650
3530
3470
2510
1209
332
398
1362
2663
3534
3463
2496
1197
329
404
1374
2675
3538
3458
2483
1184
324
410
1387
2687
3543
3451
2468
1170
320
417
1401
2700
3548
3446
2456
1158
315
423
1415
2712
3554
3439
2443
1146
311
429
1428
2724
3557
3433
2429
1134
306
436
1442
2735
3561
3426
2416
1121
302
443
1455
2750
3565
3419
2403
1110
299
449
1468
2762
3568
3412
2390
1097
295
456
1482
2773
3572
3406
2376
1085
291
464
1495
2786
3576
3398
2363
1074
288
470
1509
2797
3578
3391
2351
1062
284
477
1523
2810
3582
3384
2336
1049
281
484
1535
2822
3586
3377
2323
1038
277
492
1549
2834
3590
3370
2309
1026
274
498
1563
2845
3592
3363
2295
1014
272
506
1578
2858
3594
3355
2282
1002
269
514
1591
2868
3598
3348
2268
991
267
522
1604
2881
3600
3340
2254
980
263
529
1616
2891
3602
3333
2240
969
261
537
1631
2903
3606
3325
2226
958
259
546
1644
2914
3608
3317
2212
946
256
554
1658
2926
3610
3309
2199
934
254
562
1673
2936
3612
3299
2184
924
253
570
1686
2947
3614
3291
2172
912
251
578
1700
2959
3616
3283
2159
900
249
586
1713
2970
3617
3275
2144
889
248
594
1726
2981
3619
3267
2131
880
246
604
1739
2991
3620
3258
2117
868
244
611
1755
3005
3621
3249
2104
857
243
620
1768
3014
3623
3242
2088
847
240
629
1782
3024
3624
3233
2075
835
240
638
1797
3035
3626
3222
2062
825
238
646
1810
3045
3626
3213
2048
814
238
655
1824
3056
3628
3203
2034
804
237
664
1837
3066
3629
3195
2021
794
236
675
1852
3076
3630
3185
2007
784
235
685
1865
3086
3630
3175
1994
772
235
693
1880
3097
3631
3165
1978
763
234
703
1893
3106
3631
3156
1964
752
235
713
1907
3116
3631
3146
1951
743
235
722
1920
3125
3631
3137
1937
735
234
733
1934
3136
3631
3126
1925
724
234
741
1949
3145
3631
3118
1909
714
235
751
1962
3154
3631
3108
1897
704
235
761
1975
3163
3630
3098
1883
696
236
771
1990
3173
3629
3089
1869
686
236
781
2004
3184
3629
3079
1855
677
237
792
2018
3193
3629
3067
1840
667
237
802
2032
3202
3627
3057
1826
657
238
812
2046
3211
3626
3047
1813
648
239
823
2059
3221
3626
3037
1800
640
240
833
2072
3231
3624
3026
1784
632
241
846
2087
3240
3623
3016
1771
623
243
856
2100
3248
3622
3006
1757
615
244
866
2115
3257
3620
2994
1742
604
245
877
2129
3265
3618
2983
1729
595
248
888
2142
3275
3616
2971
1715
588
249
898
2155
3282
3615
2961
1701
579
251
910
2169
3291
3614
2947
1688
570
253
923
2182
3299
3611
2936
1676
562
255
933
2196
3305
3610
2926
1663
553
255
945
2209
3316
3608
2915
1649
546
258
956
2224
3323
3605
2903
1635
538
261
967
2237
3333
3602
2892
1620
529
264
979
2251
3339
3600
2882
1607
522
266
989
2264
3347
3597
2870
1593
514
269
1001
2280
3354
3594
2858
1580
507
272
1012
2292
3362
3591
2847
1567
499
275
1025
2307
3369
3588
2836
1553
493
277
1036
2320
3377
3586
2822
1538
484
281
1048
2333
3383
3582
2810
1524
477
285
1060
2346
3390
3578
2799
1510
470
288
1072
2360
3398
3575
2787
1496
463
291
1083
2374
3405
3572
2776
1483
457
296
1095
2387
3411
3569
2763
1470
449
299
1107
2403
3418
3564
2753
1458
442
302
1118
2414
3426
3560
2738
1444
437
307
1131
2428
3432
3556
2728
1431
429
311
1143
2440
3438
3553
2716
1419
423
313
1157
2454
3445
3547
2701
1405
417
320
1170
2468
3453
3542
2689
1391
410
325
1182
2480
3458
3538
2677
1377
405
329
1194
2494
3463
3534
2665
1365
398
333
1206
2506
3470
3530
2652
1352
392
338
1218
2521
3476
3524
2641
1339
387
343
1230
2535
3482
3520
2628
1327
381
348
1243
2547
3489
3514
2615
1312
375
353
1256
2560
3492
3509
2602
1299
372
360
1268
2572
3498
3504
2590
1287
365
365
1283
2584
3504
3499
2576
1273
359
370
1295
2599
3509
3493
2564
1260
355
375
1309
2611
3514
3489
2550
1248
348
380
1321
2624
3520
3482
2538
1235
343
385
1335
2636
3524
3476
2524
1223
339
391
1347
2649
3529
3470
2511
1210
333
398
1360
2661
3534
3464
2498
1198
329
404
1373
2673
3538
3458
2485
1186
324
409
1387
2686
3542
3452
2471
1173
320
416
1399
2698
3549
3446
2457
1160
315
422
1413
2710
3553
3440
2444
1147
311
429
1427
2721
3557
3434
2432
1135
306
433
1439
2734
3560
3428
2417
1123
302
441
1454
2749
3564
3420
2405
1110
299
449
1467
2761
3568
3413
2392
1099
295
455
1481
2772
3572
3406
2379
1087
291
463
1493
2784
3575
3399
2365
1076
288
469
1507
2796
3579
3392
2352
1063
285
476
1521
2808
3582
3385
2338
1051
281
483
1534
2821
3585
3378
2324
1039
278
490
1547
2833
3589
3371
2310
1027
275
498
1561
2844
3592
3365
2297
1015
272
505
1575
2855
3595
3357
2284
1003
269
513
1589
2868
3597
3349
2269
993
266
520
1603
2879
3599
3341
2256
981
264
528
1614
2889
3603
3333
2242
971
261
536
1630
2902
3605
3325
2228
959
259
544
1643
2913
3607
3317
2214
947
256
552
1656
2923
3610
3309
2201
936
254
561
1670
2935
3611
3300
2187
926
253
568
1684
2946
3614
3293
2173
914
251
576
1697
2958
3615
3285
2160
902
249
585
1711
2968
3616
3276
2147
891
247
593
1724
2980
3619
3268
2133
880
246
602
1737
2990
3620
3259
2119
869
244
610
1752
3003
3621
3251
2106
858
244
618
1767
3013
3623
3242
2091
849
241
627
1779
3023
3624
3234
2077
836
240
636
1796
3034
3625
3223
2063
827
239
645
1809
3044
3627
3214
2049
816
238
654
1823
3055
3628
3205
2036
806
237
663
1836
3064
3629
3196
2022
795
236
674
1849
3075
3630
3185
2009
784
235
683
1863
3084
3630
3176
1994
774
236
692
1878
3096
3631
3167
1981
764
234
702
1892
3105
3631
3157
1966
754
234
711
1905
3116
3631
3148
1952
744
234
721
1919
3124
3631
3138
1939
735
235
731
1933
3134
3631
3128
1926
725
234
740
1947
3144
3631
3119
1912
715
234
750
1961
3154
3630
3109
1898
706
235
760
1974
3162
3630
3099
1885
697
235
770
1988
3173
3630
3089
1869
687
236
780
2002
3183
3629
3080
1857
677
236
790
2016
3192
3628
3070
1842
669
237
801
2031
3201
3629
3059
1828
659
237
812
2045
3210
3627
3048
1814
649
238
820
2057
3220
3625
3038
1801
641
240
832
2071
3230
3624
3027
1786
633
241
844
2084
3240
3622
3017
1773
623
243
855
2098
3247
3622
3006
1758
616
244
865
2114
3256
3620
2995
1744
605
245
876
2127
3264
3618
2984
1731
596
247
886
2140
3273
3617
2973
1717
588
249
898
2154
3281
3615
2962
1703
580
251
909
2168
3289
3614
2951
1689
572
252
920
2182
3298
3612
2938
1677
563
254
932
2195
3305
3610
2927
1664
556
256
943
2208
3315
3609
2916
1651
546
257
954
2222
3322
3606
2905
1637
538
260
965
2235
3332
3602
2894
1623
530
263
977
2249
3339
3600
2883
1608
523
266
988
2264
3346
3598
2871
1595
514
268
999
2278
3354
3595
2860
1582
508
271
1011
2291
3360
3592
2849
1569
499
275
1024
2306
3369
3589
2838
1554
493
277
1035
2319
3375
3586
2826
1540
485
281
1047
2332
3382
3583
2813
1524
478
284
1059
2345
3390
3580
2801
1512
471
288
1071
2360
3398
3576
2789
1499
464
291
1083
2372
3404
3572
2777
1485
457
295
1094
2386
3410
3569
2765
1472
450
298
1106
2401
3418
3564
2753
1459
444
301
1118
2413
3426
3561
2740
1446
437
306
1129
2426
3430
3557
2727
1432
431
311
1142
2439
3438
3553
2717
1420
423
313
1154
2452
3445
3549
2703
1406
417
319
1168
2467
3451
3543
2691
1392
410
324
1180
2479
3457
3538
2679
1379
405
329
1193
2492
3463
3534
2666
1367
398
333
1205
2506
3469
3530
2654
1354
393
337
1218
2519
3474
3525
2642
1339
388
343
1229
2532
3481
3520
2629
1328
381
347
1242
2545
3488
3514
2617
1313
376
353
1254
2558
3493
3511
2604
1301
371
358
1267
2571
3498
3505
2592
1288
366
364
1279
2584
3504
3500
2578
1276
360
369
1293
2598
3509
3494
2565
1261
355
373
1306
2610
3514
3489
2551
1249
349
380
1319
2623
3519
3483
2539
1236
343
385
1334
2635
3523
3477
2526
1224
339
390
1346
2648
3528
3471
2512
1212
333
396
1359
2660
3533
3465
2499
1200
329
402
1371
2673
3538
3460
2486
1187
325
409
1385
2684
3542
3453
2473
1173
320
415
1399
2697
3546
3446
2459
1162
316
421
1412
2709
3552
3442
2446
1149
311
427
1425
2720
3557
3434
2432
1136
307
433
1439
2734
3561
3429
2419
1124
302
441
1452
2748
3564
3420
2406
1112
299
448
1466
2760
3566
3414
2393
1099
296
455
1479
2771
3571
3407
2380
1089
291
461
1492
2782
3576
3401
2367
1077
287
468
1505
2794
3579
3394
2352
1065
285
476
1519
2807
3582
3386
2339
1053
282
482
1533
2819
3585
3379
2325
1041
278
490
1545
2831
3588
3372
2312
1029
275
497
1559
2843
3591
3365
2298
1017
272
504
1573
2855
3594
3357
2285
1005
269
512
1588
2866
3597
3350
2271
993
267
519
1602
2877
3600
3341
2256
982
264
527
1615
2888
3602
3335
2244
972
261
534
1628
2901
3605
3326
2230
960
259
542
1642
2911
3607
3319
2216
948
256
550
1656
2922
3610
3311
2202
937
254
558
1669
2934
3612
3301
2188
926
253
568
1682
2945
3614
3293
2174
916
251
575
1695
2957
3615
3285
2162
903
248
584
1709
2967
3617
3277
2148
892
247
592
1723
2979
3619
3269
2135
881
246
601
1737
2989
3620
3260
2121
871
244
610
1749
3001
3621
3251
2107
859
243
617
1765
3012
3623
3244
2092
850
241
627
1779
3022
3625
3234
2078
839
240
635
1793
3033
3625
3224
2065
828
239
644
1808
3043
3627
3215
2051
816
238
654
1821
3054
3627
3205
2038
806
237
663
1834
3064
3629
3197
2024
796
236
671
1848
3074
3630
3187
2010
785
236
682
1862
3084
3630
3177
1994
776
235
691
1877
3094
3631
3168
1982
764
235
702
1890
3104
3630
3158
1968
755
234
711
1904
3114
3631
3149
1954
744
234
720
1917
3124
3631
3140
1940
736
235
730
1932
3133
3631
3129
1927
725
234
739
1945
3143
3631
3120
1913
716
234
749
1959
3153
3631
3110
1899
707
235
758
1972
3162
3631
3100
1886
697
235
768
1986
3172
3630
3090
1871
689
236
779
2001
3181
3629
3082
1857
679
236
788
2015
3191
3629
3071
1844
669
236
800
2030
3201
3628
3060
1829
659
237
810
2043
3209
3627
3049
1816
651
238
820
2055
3219
3626
3039
1804
642
239
831
2069
3228
3625
3029
1788
633
241
843
2083
3238
3623
3018
1773
624
243
854
2096
3246
3622
3007
1761
617
244
864
2111
3255
3621
2996
1746
606
244
874
2125
3264
3619
2986
1732
598
247
886
2139
3273
3618
2975
1718
589
249
896
2153
3280
3615
2963
1705
582
251
907
2166
3289
3614
2951
1691
573
252
919
2179
3297
3613
2940
1679
564
254
932
2192
3305
3610
2929
1666
556
255
942
2206
3313
3609
2918
1652
547
258
954
2220
3321
3606
2907
1638
540
260
964
2232
3330
3603
2895
1624
531
263
976
2248
3338
3601
2885
1609
524
266
986
2262
3345
3598
2873
1597
515
269
998
2275
3353
3596
2862
1583
509
271
1009
2290
3361
3593
2850
1570
500
274
1021
2303
3368
3589
2838
1556
494
277
1033
2317
3374
3587
2827
1540
486
280
1045
2330
3382
3583
2814
1527
480
284
1057
2343
3388
3580
2802
1513
472
286
1069
2358
3397
3576
2790
1500
465
290
1081
2370
3403
3573
2778
1486
458
294
1093
2384
3410
3568
2766
1473
451
298
1105
2399
3418
3565
2755
1461
444
301
1116
2412
3425
3562
2741
1447
437
305
1128
2425
3430
3557
2729
1434
432
311
1141
2437
3438
3554
2719
1421
423
313
1154
2451
3444
3550
2706
1407
418
319
1166
2464
3450
3544
2692
1393
411
323
1178
2478
3457
3538
2680
1381
405
328
1191
2491
3463
3535
2668
1368
399
332
1203
2504
3468
3530
2656
1355
394
337
1216
2518
3474
3526
2644
1341
388
342
1227
2531
3481
3521
2632
1330
381
346
1240
2544
3488
3515
2618
1315
376
352
1253
2556
3492
3511
2606
1303
372
358
1265
2570
3498
3506
2594
1290
366
363
1279
2583
3503
3501
2580
1277
361
368
1291
2596
3508
3495
2567
1263
356
373
1305
2608
3513
3490
2554
1251
349
379
1319
2622
3518
3485
2540
1238
344
384
1332
2633
3523
3478
2527
1225
339
390
1345
2646
3528
3473
2514
1213
333
396
1357
2658
3533
3466
2501
1202
329
402
1370
2671
3538
3460
2487
1188
325
408
1383
2683
3541
3454
2475
1176
321
414
1398
2695
3546
3448
2461
1163
316
421
1411
2706
3550
3442
2447
1150
312
426
1423
2719
3556
3436
2434
1138
307
433
1437
2732
3560
3429
2421
1126
303
440
1450
2743
3564
3422
2408
1113
300
447
1464
2758
3567
3415
2395
1101
296
453
1476
2770
3572
3408
2382
1090
291
460
1491
2781
3574
3401
2368
1078
288
467
1503
2793
3578
3394
2355
1066
285
474
1517
2806
3582
3387
2340
1054
282
481
1531
2818
3584
3380
2327
1041
279
489
1544
2830
3588
3373
2314
1030
275
496
1557
2841
3591
3366
2300
1018
273
503
1572
2853
3594
3359
2288
1006
269
510
1586
2864
3596
3351
2272
995
267
518
1599
2876
3599
3343
2260
983
264
525
1612
2887
3602
3336
2246
973
261
533
1624
2899
3605
3327
2232
961
259
542
1640
2910
3607
3319
2218
950
257
550
1653
2921
3609
3311
2204
938
255
558
1667
2932
3611
3304
2190
928
253
566
1680
2943
3614
3294
2176
916
252
574
1693
2955
3615
3287
2163
904
249
582
1707
2966
3616
3278
2150
893
248
591
1721
2977
3618
3270
2137
883
246
600
1734
2987
3620
3261
2123
872
245
608
1749
2998
3621
3253
2107
861
244
616
1763
3010
3623
3244
2094
851
241
625
1777
3020
3624
3236
2080
841
241
634
1792
3031
3625
3225
2067
829
239
643
1805
3041
3626
3217
2053
819
238
652
1819
3052
3627
3207
2040
808
237
661
1832
3060
3629
3198
2026
796
236
671
1846
3072
3630
3189
2012
786
235
681
1860
3082
3630
3178
1998
777
235
690
1875
3093
3630
3169
1983
766
234
699
1889
3103
3631
3159
1970
756
234
709
1902
3113
3631
3150
1956
747
234
719
1916
3122
3631
3141
1942
737
235
729
1929
3131
3631
3130
1930
727
234
737
1943
3141
3630
3122
1915
717
234
748
1957
3151
3630
3112
1902
708
235
757
1970
3160
3630
3102
1887
699
235
767
1984
3170
3630
3092
1873
691
236
778
1998
3179
3629
3083
1859
679
236
788
2013
3189
3629
3073
1847
671
236
796
2026
3199
3628
3061
1832
660
237
810
2041
3207
3627
3051
1818
653
239
820
2054
3218
3625
3040
1805
644
240
830
2068
3226
3625
3030
1789
634
241
841
2081
3236
3623
3020
1776
626
243
853
2095
3245
3621
3008
1763
618
244
863
2110
3253
3619
2997
1749
608
245
873
2123
3262
3619
2987
1734
599
247
884
2137
3270
3616
2975
1720
591
249
894
2151
3279
3615
2964
1706
582
252
906
2164
3287
3614
2953
1693
574
253
918
2178
3295
3612
2941
1681
566
254
930
2191
3304
3610
2930
1667
558
256
940
2204
3312
3608
2919
1654
548
257
952
2218
3320
3606
2907
1641
541
261
964
2232
3328
3603
2896
1625
533
263
974
2246
3337
3601
2886
1612
525
265
985
2260
3344
3598
2874
1598
517
269
997
2274
3351
3595
2862
1585
510
271
1008
2288
3358
3592
2851
1571
502
275
1020
2301
3367
3589
2838
1557
496
277
1033
2315
3373
3586
2828
1543
488
281
1045
2328
3381
3584
2815
1529
481
284
1056
2341
3387
3580
2803
1514
473
287
1068
2356
3395
3576
2792
1501
466
290
1080
2368
3402
3573
2779
1489
459
293
1092
2382
3408
3569
2768
1475
452
298
1103
2397
3416
3566
2757
1462
445
301
1115
2410
3424
3561
2742
1449
439
306
1127
2424
3430
3558
2731
1435
433
310
1139
2436
3437
3554
2721
1423
425
313
1153
2450
3443
3550
2707
1410
419
319
1166
2464
3449
3544
2695
1397
413
323
1178
2476
3456
3540
2681
1383
406
327
1189
2488
3462
3536
2669
1370
400
331
1201
2502
3468
3531
2657
1357
395
336
1215
2514
3473
3526
2645
1344
389
341
1226
2530
3479
3521
2632
1332
383
346
1239
2541
3487
3516
2620
1317
377
352
1251
2555
3491
3512
2608
1305
372
357
1263
2568
3496
3506
2595
1292
367
363
1278
2580
3501
3501
2583
1279
361
368
1290
2594
3507
3496
2568
1266
356
373
1303
2607
3512
3490
2556
1253
350
379
1317
2619
3517
3485
2542
1240
345
384
1331
2632
3522
3478
2529
1228
341
389
1342
2645
3526
3473
2515
1215
336
396
1355
2657
3531
3466
2503
1204
331
402
1368
2668
3536
3460
2490
1190
326
408
1382
2681
3540
3454
2476
1178
321
414
1395
2693
3545
3447
2461
1165
317
420
1409
2704
3550
3442
2449
1154
313
426
1421
2718
3555
3436
2436
1140
309
433
1435
2730
3558
3430
2422
1127
305
439
1449
2741
3562
3422
2410
1114
301
447
1462
2756
3566
3416
2396
1103
297
453
1476
2767
3570
3408
2383
1092
293
461
1488
2779
3574
3402
2370
1081
289
467
1502
2791
3577
3394
2356
1069
286
474
1515
2803
3580
3388
2342
1056
283
481
1529
2815
3583
3380
2329
1044
280
488
1543
2828
3588
3374
2316
1031
275
496
1556
2840
3590
3367
2302
1020
273
502
1571
2852
3594
3359
2289
1008
270
510
1584
2863
3596
3353
2274
996
268
518
1598
2874
3599
3344
2261
985
266
525
1611
2886
3601
3337
2247
975
261
532
1624
2897
3605
3329
2232
963
260
541
1638
2908
3606
3321
2220
951
257
549
1651
2919
3609
3313
2206
940
255
558
1665
2931
3611
3305
2192
929
253
566
1680
2941
3612
3295
2178
919
252
574
1691
2954
3614
3287
2166
906
250
582
1705
2964
3616
3279
2151
895
248
590
1719
2975
3617
3271
2139
885
246
598
1733
2987
3619
3262
2123
873
244
608
1748
2997
3621
3254
2111
863
244
616
1762
3009
3623
3245
2095
852
241
625
1775
3020
3624
3236
2082
841
241
633
1789
3030
3624
3226
2068
830
239
642
1804
3039
3626
3217
2055
820
238
652
1817
3051
3627
3208
2042
810
238
660
1830
3060
3628
3199
2027
799
238
671
1844
3070
3629
3189
2014
788
236
679
1859
3081
3629
3179
1999
778
236
689
1873
3092
3630
3170
1985
767
235
699
1887
3101
3631
3161
1971
758
235
707
1901
3111
3630
3151
1958
748
235
718
1914
3121
3630
3141
1944
738
235
728
1928
3129
3631
3131
1931
729
234
736
1942
3140
3630
3122
1917
719
235
746
1955
3149
3630
3112
1903
710
235
756
1969
3159
3630
3103
1889
700
236
766
1982
3169
3630
3093
1876
691
236
776
1997
3179
3629
3083
1861
681
236
787
2012
3189
3628
3073
1847
671
237
796
2025
3198
3628
3063
1833
661
237
808
2039
3206
3627
3052
1820
653
238
818
2052
3217
3626
3042
1807
645
240
829
2065
3225
3625
3031
1791
635
240
841
2079
3236
3623
3021
1778
626
243
851
2093
3244
3622
3010
1765
618
244
861
2107
3252
3621
2998
1749
608
245
871
2122
3261
3619
2988
1736
600
246
882
2135
3269
3618
2977
1721
591
248
893
2149
3278
3616
2966
1708
583
250
904
2162
3286
3615
2955
1695
574
252
916
2175
3295
3613
2943
1683
566
253
928
2189
3304
3610
2932
1669
558
256
939
2203
3312
3609
2921
1655
550
257
950
2216
3319
3607
2910
1642
542
259
962
2231
3327
3604
2898
1627
533
262
972
2244
3336
3601
2887
1614
526
265
983
2258
3344
3599
2876
1600
518
268
995
2271
3351
3596
2865
1587
511
270
1007
2286
3358
3593
2853
1573
503
274
1018
2300
3366
3590
2842
1559
497
276
1029
2313
3371
3587
2830
1545
489
279
1043
2326
3379
3584
2818
1531
481
283
1054
2340
3386
3580
2805
1517
473
287
1066
2352
3394
3577
2793
1504
466
290
1078
2367
3401
3573
2782
1491
460
293
1090
2380
3408
3570
2770
1477
453
297
1102
2395
3415
3566
2758
1463
446
301
1113
2409
3422
3562
2744
1450
440
305
1125
2421
3430
3558
2733
1438
433
309
1138
2434
3436
3554
2721
1425
426
313
1150
2447
3442
3550
2709
1412
421
317
1164
2462
3448
3545
2695
1399
413
322
1176
2474
3455
3540
2683
1384
406
327
1188
2488
3462
3536
2671
1371
401
332
1200
2500
3466
3531
2658
1358
395
336
1213
2513
3472
3526
2647
1344
390
341
1225
2528
3478
3522
2634
1333
384
346
1236
2540
3485
3517
2621
1318
378
350
1250
2554
3490
3512
2609
1306
372
357
1263
2566
3496
3506
2596
1293
368
362
1275
2580
3501
3501
2584
1279
363
368
1289
2592
3507
3497
2570
1267
357
372
1301
2605
3512
3491
2557
1253
350
377
1315
2618
3517
3486
2543
1241
346
384
1329
2630
3521
3479
2531
1229
341
389
1341
2643
3526
3473
2519
1217
336
395
1354
2655
3532
3467
2504
1204
331
401
1367
2667
3536
3462
2492
1192
327
406
1379
2680
3540
3456
2477
1178
321
413
1393
2692
3545
3448
2464
1166
318
420
1407
2705
3550
3443
2450
1154
313
425
1420
2716
3554
3437
2437
1142
309
433
1433
2728
3558
3430
2424
1128
305
439
1447
2740
3562
3423
2411
1116
301
445
1461
2755
3566
3417
2398
1105
297
451
1474
2766
3570
3410
2384
1093
293
459
1486
2778
3573
3402
2372
1081
290
466
1499
2790
3576
3395
2358
1070
286
473
1515
2802
3580
3388
2344
1057
283
481
1527
2814
3583
3382
2330
1045
281
487
1541
2826
3586
3374
2317
1033
276
495
1554
2838
3590
3368
2303
1021
274
501
1569
2849
3593
3360
2291
1009
270
509
1583
2862
3596
3353
2278
998
268
516
1596
2873
3598
3345
2263
986
265
524
1609
2885
3600
3337
2248
976
262
532
1624
2895
3604
3329
2236
965
260
540
1636
2907
3606
3321
2221
952
259
548
1650
2918
3608
3313
2208
942
255
556
1663
2929
3610
3305
2194
931
253
565
1678
2939
3612
3296
2180
920
252
572
1690
2952
3615
3289
2167
907
250
580
1704
2963
3616
3280
2154
896
248
590
1717
2974
3617
3272
2140
886
247
598
1731
2985
3619
3264
2126
875
245
607
1745
2996
3620
3255
2112
864
244
614
1760
3007
3622
3246
2097
854
242
623
1773
3017
3623
3238
2084
843
241
632
1787
3028
3625
3228
2070
832
240
641
1802
3038
3626
3218
2057
820
239
651
1815
3050
3626
3209
2044
810
238
659
1828
3060
3628
3201
2029
800
237
670
1843
3068
3629
3191
2016
789
236
679
1857
3079
3630
3181
2001
780
234
687
1871
3090
3630
3172
1986
768
235
698
1885
3100
3631
3162
1974
758
234
707
1899
3110
3631
3152
1959
749
235
716
1912
3120
3631
3142
1946
740
235
726
1926
3128
3631
3133
1933
730
234
735
1939
3139
3631
3124
1918
720
235
745
1953
3149
3630
3114
1905
711
234
755
1967
3157
3630
3104
1891
702
235
765
1981
3167
3630
3094
1877
693
236
776
1994
3177
3629
3085
1863
683
236
785
2009
3187
3630
3075
1850
671
237
796
2023
3197
3628
3063
1835
663
237
806
2037
3205
3627
3053
1821
654
238
816
2050
3216
3626
3043
1808
644
239
828
2064
3224
3625
3033
1795
637
241
838
2077
3234
3624
3022
1780
628
243
850
2091
3243
3622
3011
1765
619
244
860
2107
3251
3621
3001
1749
610
244
870
2120
3260
3619
2989
1737
600
246
881
2133
3269
3617
2979
1722
592
248
892
2147
3277
3615
2967
1710
584
250
904
2161
3285
3614
2955
1697
576
252
916
2173
3293
3612
2945
1685
568
253
927
2188
3303
3611
2933
1671
558
255
938
2202
3311
3609
2921
1657
550
257
949
2215
3319
3606
2911
1643
543
260
961
2229
3327
3605
2899
1631
534
262
971
2243
3336
3602
2888
1615
527
264
982
2256
3342
3599
2877
1602
518
267
994
2271
3350
3596
2866
1587
512
270
1005
2285
3357
3593
2855
1575
504
273
1017
2298
3365
3590
2843
1560
497
277
1029
2311
3372
3588
2831
1546
489
279
1041
2325
3378
3584
2818
1532
482
283
1053
2339
3386
3581
2806
1519
474
286
1064
2352
3393
3578
2794
1506
467
289
1076
2366
3401
3573
2783
1492
461
293
1088
2379
3407
3570
2771
1479
454
297
1100
2392
3414
3566
2759
1465
448
301
1112
2406
3421
3562
2746
1452
440
304
1124
2419
3429
3558
2734
1439
433
309
1136
2433
3434
3555
2723
1427
427
313
1149
2446
3441
3550
2709
1413
421
317
1162
2460
3447
3546
2697
1399
413
321
1174
2472
3454
3540
2685
1386
408
326
1186
2486
3460
3536
2673
1372
402
331
1199
2498
3466
3532
2661
1360
396
336
1211
2512
3472
3527
2648
1346
390
340
1223
2526
3478
3522
2636
1334
384
345
1235
2539
3486
3517
2623
1320
379
350
1248
2552
3490
3513
2611
1308
373
355
1260
2564
3495
3507
2598
1295
369
361
1273
2577
3500
3502
2584
1281
364
367
1287
2592
3506
3497
2572
1268
358
372
1300
2604
3511
3491
2558
1255
351
377
1313
2617
3517
3487
2545
1243
346
382
1328
2629
3521
3480
2533
1231
341
388
1340
2641
3525
3474
2520
1218
336
394
1353
2653
3530
3467
2506
1206
332
400
1365
2666
3535
3462
2492
1194
327
406
1379
2678
3539
3456
2480
1182
323
412
1392
2690
3544
3450
2465
1168
319
419
1405
2703
3550
3444
2452
1154
313
424
1418
2714
3554
3438
2439
1142
309
432
1432
2726
3558
3430
2425
1130
305
437
1445
2739
3562
3424
2412
1118
301
445
1459
2753
3566
3418
2400
1106
298
451
1472
2764
3570
3410
2386
1094
294
458
1485
2777
3573
3403
2373
1083
290
465
1499
2788
3576
3396
2360
1071
287
472
1511
2800
3580
3390
2346
1059
284
480
1527
2812
3583
3382
2332
1047
281
486
1539
2825
3586
3374
2319
1034
277
493
1553
2837
3590
3369
2305
1023
273
500
1569
2848
3592
3361
2292
1011
271
507
1580
2860
3595
3353
2279
999
268
515
1594
2871
3598
3346
2264
987
266
523
1607
2883
3601
3338
2250
977
262
531
1620
2893
3604
3329
2236
966
259
539
1635
2905
3606
3323
2222
954
259
547
1648
2918
3608
3314
2209
943
255
556
1662
2928
3610
3305
2195
932
253
564
1676
2939
3612
3297
2181
921
252
571
1689
2951
3615
3290
2169
908
251
580
1702
2962
3616
3281
2155
898
248
588
1716
2973
3617
3273
2141
887
247
597
1729
2984
3619
3264
2127
876
244
606
1743
2994
3620
3256
2114
865
243
613
1757
3007
3623
3247
2100
855
241
622
1772
3017
3623
3239
2085
844
240
631
1786
3027
3625
3230
2072
832
240
640
1800
3037
3626
3219
2058
822
238
649
1813
3048
3627
3209
2045
812
238
658
1827
3059
3628
3201
2031
802
237
669
1841
3068
3629
3192
2018
790
236
677
1855
3078
3629
3183
2002
780
236
687
1869
3089
3630
3173
1988
770
235
695
1883
3099
3630
3163
1975
760
235
706
1897
3109
3630
3153
1961
750
235
715
1911
3118
3631
3144
1948
740
235
725
1924
3127
3631
3134
1934
731
234
734
1937
3138
3631
3125
1921
721
234
744
1951
3147
3631
3115
1906
711
234
754
1965
3157
3630
3105
1893
703
235
763
1979
3166
3630
3095
1879
693
236
774
1994
3175
3629
3086
1865
683
236
784
2008
3185
3629
3075
1851
674
237
794
2022
3196
3629
3067
1836
664
237
804
2035
3205
3628
3055
1823
656
238
815
2048
3214
3627
3044
1809
648
239
826
2063
3223
3625
3034
1796
638
240
836
2076
3233
3624
3023
1781
629
242
849
2089
3242
3623
3013
1767
620
244
858
2105
3250
3621
3003
1753
613
244
869
2118
3259
3620
2990
1739
602
245
880
2131
3267
3618
2980
1725
593
247
891
2145
3276
3616
2969
1711
585
249
902
2159
3284
3615
2958
1698
577
251
912
2172
3293
3613
2947
1685
568
253
926
2186
3301
3611
2934
1673
558
254
937
2200
3309
3610
2923
1659
552
257
948
2213
3318
3607
2911
1645
544
259
959
2227
3325
3604
2901
1631
535
262
970
2241
3335
3601
2889
1618
528
264
981
2256
3341
3599
2878
1603
520
267
992
2268
3349
3596
2867
1589
513
270
1004
2283
3356
3594
2856
1576
506
273
1015
2296
3365
3590
2844
1562
497
276
1029
2310
3370
3588
2833
1548
490
279
1040
2323
3378
3584
2822
1534
483
282
1051
2337
3385
3582
2808
1521
475
285
1063
2351
3392
3578
2796
1507
468
289
1075
2364
3399
3574
2785
1493
461
292
1087
2378
3406
3570
2772
1480
454
296
1099
2392
3413
3566
2761
1466
449
300
1110
2405
3422
3563
2749
1454
441
304
1123
2418
3429
3560
2735
1441
433
307
1134
2432
3434
3556
2725
1428
427
313
1146
2444
3440
3550
2713
1415
421
316
1161
2458
3447
3546
2698
1399
414
320
1172
2471
3454
3542
2686
1387
408
325
1185
2484
3460
3537
2674
1374
403
329
1198
2497
3465
3532
2662
1362
397
334
1210
2510
3471
3528
2649
1349
391
339
1221
2524
3477
3523
2637
1335
385
344
1234
2537
3484
3517
2624
1322
379
349
1247
2550
3490
3514
2612
1309
373
355
1259
2563
3495
3509
2600
1295
370
361
1271
2575
3500
3503
2586
1283
364
366
1286
2590
3506
3497
2573
1269
358
372
1298
2602
3511
3492
2560
1257
352
376
1311
2615
3516
3488
2547
1245
346
382
1326
2628
3521
3480
2533
1232
342
388
1339
2640
3525
3474
2522
1219
337
393
1351
2652
3530
3469
2508
1207
332
399
1364
2664
3535
3463
2495
1194
328
405
1377
2677
3539
3457
2481
1183
323
411
1389
2689
3543
3450
2466
1169
319
418
1404
2702
3549
3445
2454
1157
313
423
1417
2713
3554
3438
2441
1144
309
429
1431
2725
3557
3430
2428
1132
306
437
1443
2737
3562
3426
2415
1120
301
443
1457
2752
3565
3418
2401
1108
299
451
1470
2763
3569
3412
2388
1095
294
457
1483
2776
3573
3404
2375
1084
290
465
1497
2787
3576
3398
2362
1073
287
471
1511
2798
3579
3390
2348
1060
284
478
1525
2811
3583
3383
2334
1048
281
485
1538
2822
3586
3376
2321
1037
277
493
1550
2835
3589
3370
2308
1025
274
499
1566
2846
3593
3362
2293
1013
271
506
1579
2858
3596
3354
2281
1001
268
515
1592
2870
3598
3347
2265
989
266
523
1605
2882
3600
3339
2252
979
263
530
1618
2892
3603
3331
2238
968
260
538
1632
2904
3606
3323
2224
956
259
546
1646
2916
3608
3316
2212
944
256
554
1660
2927
3610
3307
2197
932
254
562
1674
2937
3612
3298
2183
922
253
571
1688
2947
3614
3290
2171
909
251
578
1700
2961
3616
3282
2157
899
249
587
1714
2971
3617
3274
2143
888
247
596
1728
2983
3620
3265
2129
877
245
604
1741
2993
3621
3257
2115
867
244
612
1756
3006
3622
3248
2102
856
243
621
1770
3015
3623
3240
2087
846
241
630
1783
3026
3624
3230
2073
834
240
639
1798
3036
3625
3221
2060
824
238
648
1812
3047
3627
3212
2046
812
238
657
1825
3057
3628
3203
2032
803
237
667
1839
3068
3629
3193
2018
792
236
677
1853
3077
3630
3184
2005
781
236
686
1868
3088
3630
3173
1990
771
235
695
1881
3098
3630
3164
1976
761
234
704
1895
3108
3630
3155
1963
751
235
714
1909
3117
3631
3144
1949
742
234
724
1923
3126
3631
3135
1935
733
234
733
1936
3136
3631
3125
1922
722
234
743
1950
3146
3631
3117
1908
713
234
752
1964
3156
3630
3107
1895
703
235
763
1977
3165
3630
3096
1881
695
236
772
1992
3174
3629
3088
1867
685
236
784
2006
3185
3628
3077
1852
675
237
794
2020
3195
3628
3067
1838
665
236
804
2034
3204
3628
3055
1824
656
237
814
2047
3213
3626
3045
1811
647
238
824
2060
3223
3626
3035
1798
638
240
835
2074
3232
3624
3024
1783
630
242
847
2088
3241
3622
3014
1769
621
243
857
2103
3249
3621
3004
1755
614
244
868
2117
3259
3620
2992
1740
603
246
879
2131
3266
3618
2981
1727
594
248
889
2144
3275
3616
2970
1713
586
249
900
2157
3283
3615
2959
1700
578
252
911
2171
3291
3614
2947
1686
569
253
924
2185
3300
3611
2935
1674
561
254
935
2198
3309
3610
2925
1661
552
256
946
2212
3316
3608
2914
1647
545
259
958
2225
3324
3605
2902
1633
536
261
968
2240
3333
3602
2891
1619
529
264
980
2252
3340
3599
2880
1605
521
267
991
2266
3348
3597
2869
1592
513
269
1003
2282
3355
3594
2857
1578
506
272
1013
2295
3364
3590
2846
1566
498
276
1027
2308
3370
3589
2834
1550
491
278
1037
2322
3378
3584
2822
1536
484
282
1050
2335
3384
3582
2810
1522
477
285
1062
2349
3391
3578
2798
1508
469
288
1074
2362
3399
3575
2786
1495
462
293
1085
2376
3405
3571
2774
1482
456
295
1096
2389
3412
3568
2762
1469
449
299
1109
2404
3419
3564
2750
1456
441
303
1121
2416
3428
3560
2737
1443
436
307
1133
2430
3434
3556
2726
1429
428
311
1145
2443
3440
3550
2713
1417
421
316
1159
2456
3446
3546
2700
1402
416
321
1171
2470
3453
3543
2688
1388
409
325
1183
2483
3458
3538
2676
1376
403
329
1196
2496
3464
3534
2664
1363
397
334
1208
2508
3470
3529
2650
1350
392
339
1220
2523
3476
3523
2639
1338
385
344
1233
2536
3483
3519
2626
1325
380
349
1244
2548
3489
3514
2614
1311
374
354
1258
2561
3494
3509
2600
1297
370
359
1270
2574
3500
3505
2588
1285
364
365
1283
2588
3506
3498
2574
1271
359
370
1295
2600
3510
3493
2563
1259
352
375
1310
2614
3515
3488
2548
1246
347
381
1323
2626
3520
3481
2536
1234
342
386
1338
2638
3525
3476
2523
1220
337
392
1349
2650
3530
3470
2509
1209
332
399
1362
2663
3535
3463
2496
1196
329
404
1374
2675
3538
3458
2483
1184
323
410
1389
2688
3544
3452
2468
1170
319
417
1402
2701
3549
3446
2455
1158
313
423
1415
2711
3554
3440
2443
1146
311
429
1428
2723
3558
3433
2429
1134
306
437
1443
2735
3561
3426
2416
1121
302
442
1455
2750
3564
3419
2403
1109
299
449
1469
2762
3569
3412
2389
1097
295
457
1482
2774
3572
3406
2377
1085
290
463
1495
2786
3576
3399
2363
1073
286
469
1509
2798
3580
3391
2350
1061
284
476
1522
2810
3582
3384
2335
1049
282
484
1535
2822
3586
3377
2323
1037
277
491
1548
2834
3589
3370
2309
1026
274
498
1564
2845
3592
3363
2295
1014
271
506
1577
2857
3595
3355
2282
1002
268
514
1591
2869
3598
3348
2267
991
266
521
1603
2880
3600
3340
2255
980
263
529
1618
2891
3604
3333
2240
969
261
537
1631
2903
3605
3325
2226
957
258
545
1644
2915
3608
3317
2213
946
256
552
1658
2926
3610
3308
2199
934
254
562
1672
2936
3612
3301
2185
924
253
570
1686
2947
3614
3291
2172
912
250
578
1699
2959
3615
3283
2158
900
248
586
1713
2971
3617
3275
2144
889
246
594
1726
2981
3619
3267
2131
879
246
603
1740
2992
3619
3258
2118
868
244
611
1755
3005
3621
3249
2103
857
243
620
1769
3014
3623
3240
2088
847
241
629
1782
3025
3625
3232
2075
835
240
638
1797
3035
3626
3222
2062
825
238
647
1810
3047
3627
3213
2047
814
237
656
1824
3056
3628
3204
2034
804
237
665
1837
3066
3629
3195
2020
794
236
675
1852
3076
3630
3185
2007
783
236
685
1865
3086
3630
3175
1992
772
235
694
1880
3096
3631
3165
1978
762
234
703
1893
3107
3630
3156
1965
752
234
713
1908
3116
3631
3146
1951
743
234
722
1921
3125
3631
3137
1937
734
234
733
1934
3136
3631
3127
1924
724
234
741
1949
3146
3631
3117
1909
715
234
752
1962
3155
3631
3108
1897
705
235
761
1976
3165
3630
3099
1883
695
236
771
1990
3173
3629
3088
1869
686
236
781
2004
3184
3629
3079
1855
676
236
792
2018
3193
3629
3067
1840
667
237
802
2032
3202
3628
3057
1825
658
237
812
2046
3212
3627
3047
1812
648
239
823
2059
3221
3626
3036
1799
640
240
834
2073
3232
3625
3026
1785
632
242
846
2086
3240
3623
3015
1771
622
243
856
2101
3248
3622
3006
1757
615
244
866
2115
3258
3621
2993
1742
604
245
877
2128
3266
3619
2983
1729
595
248
888
2142
3274
3617
2972
1715
587
249
899
2155
3283
3615
2961
1701
578
251
910
2170
3291
3614
2947
1688
570
253
922
2183
3299
3612
2936
1676
562
254
934
2196
3308
3610
2926
1662
554
256
945
2210
3316
3608
2915
1648
546
258
956
2224
3325
3606
2903
1635
537
261
967
2238
3333
3603
2892
1621
529
263
979
2251
3340
3600
2881
1606
522
265
990
2265
3348
3598
2870
1593
514
269
1001
2280
3355
3594
2859
1580
507
271
1012
2292
3363
3592
2848
1567
499
275
1025
2307
3370
3589
2836
1553
492
277
1037
2321
3376
3586
2822
1537
485
281
1048
2333
3384
3583
2811
1524
477
284
1060
2346
3390
3579
2799
1510
470
288
1072
2360
3398
3575
2787
1497
463
291
1084
2374
3404
3572
2776
1484
457
295
1095
2387
3411
3568
2763
1471
449
299
1107
2403
3418
3564
2752
1457
443
303
1119
2415
3426
3561
2738
1444
437
307
1131
2428
3432
3556
2726
1431
429
311
1144
2440
3438
3550
2715
1418
422
315
1158
2454
3446
3547
2701
1404
417
320
1170
2468
3451
3542
2689
1391
410
325
1182
2480
3458
3538
2677
1378
404
329
1194
2494
3463
3534
2665
1365
398
334
1207
2506
3469
3529
2652
1352
393
338
1219
2522
3475
3524
2640
1339
388
344
1231
2534
3481
3518
2627
1326
381
349
1243
2547
3489
3514
2615
1312
376
354
1256
2559
3492
3509
2602
1301
372
360
1269
2572
3497
3504
2590
1287
366
365
1282
2584
3504
3498
2576
1273
360
371
1295
2599
3508
3493
2564
1260
356
376
1310
2612
3514
3488
2550
1248
348
381
1322
2624
3519
3481
2537
1235
344
386
1336
2636
3523
3476
2524
1223
339
392
1348
2649
3529
3470
2511
1210
334
398
1361
2661
3533
3464
2497
1198
329
405
1374
2674
3538
3458
2484
1186
325
410
1387
2685
3542
3452
2469
1172
321
417
1399
2697
3546
3445
2457
1160
317
422
1414
2710
3550
3439
2444
1147
312
429
1427
2721
3556
3434
2431
1135
307
436
1441
2734
3560
3427
2417
1123
303
441
1454
2748
3564
3419
2404
1110
299
449
1467
2761
3566
3413
2392
1099
296
456
1481
2772
3571
3406
2379
1087
291
463
1493
2784
3574
3399
2365
1076
288
469
1507
2795
3579
3392
2352
1064
285
477
1521
2808
3582
3385
2338
1052
281
484
1534
2821
3585
3378
2324
1040
278
490
1548
2833
3588
3370
2311
1027
275
498
1561
2844
3592
3364
2296
1015
271
505
1576
2856
3595
3357
2283
1004
269
512
1589
2868
3598
3349
2269
993
267
521
1603
2879
3599
3341
2256
981
264
528
1616
2889
3603
3333
2242
970
261
535
1630
2902
3605
3325
2228
958
259
544
1643
2913
3606
3317
2215
947
257
552
1656
2923
3610
3309
2201
936
254
561
1671
2935
3611
3301
2187
925
253
569
1684
2947
3614
3292
2173
913
251
577
1698
2958
3615
3284
2160
902
249
586
1711
2969
3616
3276
2147
891
248
594
1724
2979
3618
3267
2133
880
246
603
1738
2990
3620
3259
2119
870
244
611
1753
3003
3621
3250
2107
858
243
619
1766
3013
3622
3242
2090
849
242
627
1780
3023
3624
3233
2077
839
241
637
1795
3033
3625
3222
2063
828
240
646
1809
3044
3626
3214
2049
816
238
655
1822
3055
3626
3205
2036
806
238
663
1836
3064
3629
3195
2022
796
237
675
1850
3075
3629
3185
2009
784
236
683
1863
3084
3630
3176
1994
775
236
693
1879
3095
3630
3167
1980
764
235
703
1892
3105
3630
3157
1966
754
235
712
1905
3115
3631
3147
1953
744
235
721
1920
3124
3630
3138
1939
735
234
731
1933
3133
3631
3128
1926
725
235
740
1947
3143
3630
3119
1911
716
234
751
1961
3153
3631
3108
1898
706
236
760
1974
3163
3630
3099
1885
697
235
770
1988
3173
3629
3089
1869
687
236
780
2002
3183
3629
3080
1856
678
236
790
2015
3192
3629
3069
1842
669
237
801
2030
3201
3628
3059
1828
659
237
812
2044
3210
3627
3048
1814
650
239
822
2057
3219
3625
3037
1802
641
240
832
2071
3230
3624
3027
1787
633
242
844
2084
3239
3623
3017
1773
623
243
855
2097
3246
3622
3006
1759
615
244
865
2113
3256
3620
2994
1743
606
245
875
2127
3264
3618
2983
1730
597
247
887
2140
3273
3616
2973
1717
589
249
897
2154
3281
3615
2962
1704
580
251
908
2167
3289
3614
2950
1689
572
253
921
2182
3297
3612
2939
1678
564
255
932
2195
3305
3610
2927
1664
555
256
944
2208
3315
3608
2916
1650
547
258
955
2222
3321
3605
2905
1637
539
261
966
2236
3331
3602
2893
1623
530
263
977
2250
3338
3600
2883
1608
523
266
988
2264
3346
3598
2871
1595
515
269
999
2278
3353
3594
2860
1582
508
272
1012
2291
3361
3592
2848
1569
500
275
1023
2305
3369
3588
2837
1554
494
278
1035
2318
3375
3586
2826
1540
486
281
1047
2331
3382
3582
2812
1524
479
284
1059
2344
3388
3579
2800
1512
471
288
1072
2359
3396
3575
2789
1498
465
291
1083
2372
3402
3572
2777
1485
457
296
1094
2386
3410
3568
2764
1472
450
298
1106
2401
3418
3564
2753
1459
443
302
1118
2413
3425
3560
2740
1446
437
307
1130
2426
3430
3557
2728
1432
429
311
1142
2439
3438
3552
2717
1420
424
313
1154
2452
3444
3549
2703
1407
417
320
1169
2466
3451
3543
2690
1392
410
323
1180
2480
3458
3538
2678
1379
405
329
1193
2493
3463
3534
2666
1366
399
333
1205
2505
3468
3530
2654
1354
393
337
1217
2519
3475
3524
2642
1340
387
343
1229
2532
3481
3520
2629
1328
382
348
1242
2546
3488
3514
2617
1314
376
353
1255
2557
3492
3510
2604
1301
371
359
1267
2571
3498
3505
2592
1289
366
364
1279
2584
3503
3499
2578
1275
360
369
1294
2598
3509
3494
2565
1262
355
374
1307
2610
3514
3489
2552
1250
349
380
1320
2623
3519
3482
2539
1236
344
385
1334
2635
3523
3477
2526
1224
339
391
1346
2648
3528
3472
2512
1212
333
397
1359
2660
3534
3465
2499
1200
329
403
1371
2672
3538
3459
2486
1187
325
409
1385
2684
3542
3452
2472
1174
321
415
1399
2697
3546
3446
2459
1162
316
421
1412
2708
3550
3441
2446
1149
313
429
1424
2720
3556
3434
2433
1137
307
433
1439
2732
3560
3429
2419
1125
303
441
1452
2746
3563
3420
2406
1112
299
448
1465
2760
3566
3414
2394
1100
296
455
1479
2770
3570
3407
2380
1088
292
461
1492
2782
3574
3400
2367
1077
289
469
1505
2794
3578
3393
2352
1065
285
476
1519
2806
3582
3386
2340
1053
283
482
1532
2818
3584
3378
2325
1041
279
490
1545
2830
3588
3371
2312
1029
275
497
1559
2842
3591
3365
2298
1017
272
504
1574
2854
3594
3358
2285
1005
269
512
1588
2866
3597
3350
2271
994
267
520
1601
2878
3599
3342
2257
982
265
527
1614
2888
3602
3335
2244
972
261
534
1628
2900
3604
3326
2230
960
259
543
1641
2911
3607
3319
2216
949
257
551
1655
2922
3609
3310
2203
937
255
558
1668
2933
3611
3301
2188
926
253
568
1683
2945
3614
3293
2175
916
252
576
1695
2957
3615
3285
2162
903
249
584
1709
2967
3616
3278
2149
892
248
592
1722
2978
3617
3268
2135
881
245
601
1737
2988
3620
3260
2121
871
245
610
1749
3001
3620
3252
2107
860
244
618
1765
3012
3624
3244
2093
850
242
627
1779
3022
3624
3234
2078
839
240
635
1793
3032
3625
3224
2065
828
238
644
1808
3042
3627
3215
2051
818
238
653
1820
3053
3627
3206
2038
807
238
663
1833
3063
3629
3197
2025
796
237
671
1848
3074
3629
3185
2010
785
236
682
1861
3083
3630
3177
1994
776
236
691
1877
3094
3630
3168
1982
765
235
701
1890
3104
3630
3158
1968
755
235
711
1903
3114
3631
3149
1954
746
235
720
1917
3124
3631
3140
1941
736
235
730
1931
3132
3631
3129
1927
726
234
739
1945
3142
3631
3120
1913
717
234
749
1958
3152
3631
3110
1900
707
235
759
1973
3162
3630
3100
1885
698
235
768
1986
3171
3630
3090
1872
689
236
778
2000
3181
3628
3082
1857
679
237
789
2014
3191
3629
3071
1844
670
237
800
2029
3200
3628
3060
1829
659
237
810
2043
3209
3627
3049
1816
651
238
820
2056
3219
3626
3039
1803
642
240
831
2069
3228
3624
3029
1788
634
242
843
2083
3238
3623
3018
1775
624
242
854
2095
3246
3622
3007
1761
617
244
864
2111
3255
3620
2996
1746
606
246
873
2125
3264
3619
2985
1732
597
247
886
2139
3272
3617
2975
1718
589
249
896
2153
3281
3615
2963
1705
581
251
907
2166
3289
3614
2951
1690
572
252
919
2179
3297
3613
2939
1679
563
254
931
2193
3305
3610
2929
1665
556
256
942
2206
3313
3609
2918
1651
547
257
953
2220
3321
3606
2906
1639
540
261
964
2232
3329
3603
2895
1623
531
263
976
2248
3338
3600
2884
1609
524
266
987
2262
3345
3598
2873
1596
516
268
998
2275
3353
3596
2862
1584
509
272
1009
2291
3360
3592
2850
1570
500
274
1021
2303
3368
3589
2838
1556
495
277
1034
2317
3374
3586
2826
1541
486
280
1045
2330
3382
3583
2814
1527
480
284
1057
2343
3388
3580
2802
1513
472
287
1069
2357
3396
3576
2790
1500
465
291
1081
2370
3402
3573
2778
1487
459
294
1093
2384
3410
3569
2766
1474
451
298
1104
2399
3418
3565
2756
1460
444
302
1117
2412
3424
3561
2741
1447
438
306
1128
2425
3430
3557
2730
1433
432
311
1141
2438
3438
3554
2719
1421
424
313
1154
2450
3444
3550
2705
1407
418
319
1166
2464
3450
3544
2693
1393
411
323
1178
2478
3456
3539
2680
1381
405
328
1191
2492
3462
3535
2668
1368
399
333
1204
2504
3468
3530
2655
1355
394
337
1216
2516
3474
3525
2643
1342
388
342
1228
2531
3480
3520
2631
1330
382
347
1241
2544
3488
3515
2618
1315
377
353
1252
2556
3491
3510
2606
1303
372
358
1266
2569
3497
3506
2592
1290
367
364
1279
2584
3503
3500
2580
1277
361
369
1291
2596
3508
3495
2566
1264
356
373
1305
2608
3513
3490
2554
1250
349
379
1319
2622
3518
3485
2540
1238
345
385
1333
2633
3523
3478
2527
1226
340
390
1344
2647
3527
3471
2514
1213
334
396
1357
2658
3533
3466
2500
1201
329
402
1371
2671
3538
3460
2488
1188
325
408
1383
2683
3542
3453
2475
1176
321
414
1397
2696
3546
3447
2461
1163
316
421
1411
2706
3550
3442
2447
1150
313
427
1423
2719
3556
3435
2434
1138
308
433
1437
2731
3560
3429
2421
1126
304
441
1450
2743
3564
3422
2408
1114
300
447
1463
2758
3566
3415
2395
1102
296
453
1477
2769
3571
3408
2382
1091
292
461
1490
2781
3574
3401
2368
1078
288
467
1503
2793
3578
3395
2355
1067
285
475
1517
2805
3581
3386
2340
1053
282
481
1531
2816
3584
3380
2328
1041
278
489
1544
2829
3588
3373
2314
1030
275
496
1557
2841
3591
3366
2300
1019
273
503
1572
2853
3594
3359
2288
1006
269
511
1586
2865
3597
3351
2272
995
267
518
1599
2876
3599
3342
2259
983
264
526
1612
2886
3601
3335
2246
973
261
534
1624
2898
3604
3328
2232
961
259
542
1640
2910
3607
3320
2218
950
257
550
1652
2921
3609
3312
2204
939
255
558
1666
2932
3612
3303
2190
928
253
567
1680
2943
3613
3294
2176
916
252
574
1694
2955
3615
3286
2163
904
250
582
1707
2966
3616
3278
2149
892
248
591
1721
2977
3618
3270
2136
882
246
600
1735
2988
3620
3261
2123
873
245
609
1749
2999
3621
3252
2107
861
244
617
1763
3010
3623
3244
2094
851
241
625
1777
3021
3624
3235
2080
840
240
634
1792
3031
3625
3225
2067
829
240
643
1806
3041
3626
3216
2053
819
239
652
1818
3052
3626
3207
2040
808
237
661
1833
3060
3628
3197
2026
796
237
671
1847
3072
3629
3188
2012
787
236
681
1860
3083
3630
3178
1998
776
235
691
1875
3093
3630
3169
1983
766
235
700
1888
3103
3630
3159
1970
756
234
709
1902
3113
3631
3150
1956
746
234
719
1917
3122
3630
3140
1942
736
235
729
1930
3131
3631
3130
1929
727
234
738
1943
3141
3630
3121
1915
718
234
747
1958
3151
3630
3111
1901
708
235
758
1970
3161
3630
3102
1887
699
235
768
1984
3170
3630
3092
1873
689
236
778
1998
3179
3629
3082
1859
679
237
788
2013
3189
3629
3073
1846
671
236
799
2028
3199
3628
3061
1831
660
237
809
2041
3208
3627
3050
1818
652
238
819
2054
3218
3626
3040
1805
644
240
830
2067
3227
3624
3029
1789
634
241
842
2081
3237
3623
3019
1776
626
242
852
2095
3245
3623
3009
1763
618
244
862
2110
3254
3621
2997
1748
607
245
873
2123
3262
3619
2987
1733
599
247
884
2137
3271
3617
2975
1720
591
249
895
2151
3280
3615
2965
1706
582
251
905
2165
3288
3614
2953
1693
574
252
916
2178
3296
3613
2941
1681
565
254
929
2191
3305
3610
2930
1667
558
255
941
2204
3313
3608
2919
1654
548
257
952
2219
3321
3606
2908
1640
540
260
963
2232
3329
3604
2896
1625
531
262
974
2246
3337
3601
2886
1611
525
265
985
2260
3345
3598
2874
1598
517
268
996
2273
3352
3596
2863
1585
509
271
1008
2288
3359
3592
2851
1571
502
273
1020
2301
3368
3590
2840
1557
496
276
1032
2315
3373
3587
2828
1543
487
280
1043
2328
3381
3583
2815
1530
481
283
1055
2341
3388
3581
2804
1514
472
286
1067
2356
3395
3577
2792
1502
466
290
1079
2368
3402
3573
2779
1489
459
293
1091
2383
3409
3569
2768
1475
452
297
1103
2397
3416
3566
2758
1463
445
302
1114
2409
3423
3562
2744
1448
438
305
1126
2423
3430
3558
2732
1436
433
309
1139
2436
3437
3554
2720
1423
425
313
1152
2449
3443
3550
2708
1410
419
318
1165
2463
3449
3544
2694
1397
413
323
1177
2476
3456
3540
2681
1383
406
327
1189
2489
3462
3536
2670
1370
401
332
1202
2502
3468
3530
2657
1357
395
336
1215
2514
3473
3526
2645
1343
389
341
1226
2530
3480
3521
2632
1331
382
346
1238
2542
3487
3516
2620
1317
377
352
1251
2555
3491
3512
2608
1305
372
357
1264
2568
3497
3506
2595
1291
368
363
1278
2580
3502
3501
2582
1279
362
368
1290
2595
3508
3496
2568
1265
356
373
1303
2607
3512
3490
2555
1252
350
379
1317
2620
3518
3485
2542
1240
345
384
1330
2632
3522
3478
2529
1227
340
389
1342
2645
3527
3473
2517
1216
335
395
1355
2657
3532
3467
2503
1203
331
401
1369
2668
3537
3461
2490
1190
325
407
1382
2681
3541
3454
2477
1178
321
413
1395
2693
3546
3448
2462
1165
317
420
1409
2706
3550
3442
2449
1153
313
425
1422
2718
3556
3437
2436
1139
309
433
1435
2730
3558
3430
2422
1128
304
439
1449
2742
3564
3423
2410
1114
301
446
1462
2756
3566
3416
2397
1103
297
453
1475
2768
3570
3409
2384
1092
293
460
1488
2780
3574
3401
2370
1080
289
466
1501
2791
3577
3395
2356
1068
285
473
1516
2804
3581
3388
2342
1056
283
481
1529
2815
3584
3381
2329
1044
280
488
1543
2828
3587
3373
2316
1031
276
495
1556
2840
3590
3367
2302
1021
273
502
1571
2852
3594
3359
2289
1008
270
510
1584
2863
3596
3352
2274
997
268
518
1598
2874
3599
3345
2261
985
264
526
1611
2886
3602
3337
2248
974
262
532
1624
2897
3605
3329
2232
963
259
541
1638
2909
3606
3320
2220
951
257
548
1651
2920
3609
3