1070
282
466
1509
2801
3585
3395
2350
1059
278
473
1522
2813
3587
3389
2336
1045
277
481
1535
2826
3591
3381
2323
1034
272
488
1549
2838
3594
3374
2310
1022
269
495
1562
2849
3597
3368
2295
1011
267
502
1577
2860
3599
3359
2282
998
263
510
1591
2872
3602
3352
2268
987
261
517
1604
2884
3605
3345
2254
976
257
526
1618
2894
3608
3337
2240
965
255
532
1631
2906
3611
3328
2226
953
253
541
1644
2918
3614
3321
2212
942
252
548
1658
2929
3615
3313
2200
932
250
558
1672
2940
3616
3305
2185
920
248
566
1687
2951
3619
3295
2172
908
245
574
1699
2963
3621
3288
2158
896
243
582
1712
2975
3623
3279
2145
886
241
591
1726
2985
3624
3270
2131
875
240
600
1739
2995
3626
3261
2117
864
239
607
1754
3007
3627
3253
2105
854
236
616
1769
3018
3629
3245
2089
843
236
625
1782
3028
3630
3236
2075
831
234
633
1798
3039
3631
3225
2061
820
233
643
1810
3050
3632
3217
2047
810
232
651
1824
3060
3633
3207
2034
800
232
660
1837
3070
3634
3198
2021
788
230
671
1852
3080
3635
3189
2007
778
230
681
1867
3091
3635
3179
1993
768
230
690
1881
3100
3636
3169
1978
758
230
700
1893
3110
3636
3159
1964
748
228
709
1908
3120
3636
3150
1950
738
229
719
1922
3129
3637
3140
1937
730
228
729
1934
3140
3636
3130
1924
720
228
737
1949
3149
3636
3122
1909
710
228
747
1963
3158
3636
3111
1895
701
229
758
1977
3168
3635
3100
1882
691
230
768
1990
3177
3634
3091
1868
682
230
778
2005
3188
3635
3082
1853
671
230
787
2018
3198
3634
3072
1840
662
232
799
2033
3207
3633
3060
1825
653
232
809
2047
3217
3632
3050
1811
646
234
820
2060
3225
3631
3040
1799
636
235
830
2074
3236
3630
3029
1784
626
236
843
2087
3244
3629
3018
1770
618
237
853
2102
3253
3627
3007
1757
608
238
863
2117
3261
3625
2996
1741
599
240
874
2130
3271
3624
2985
1727
590
241
885
2143
3278
3622
2975
1714
582
244
896
2157
3287
3620
2963
1701
574
246
907
2171
3295
3618
2952
1688
565
248
919
2184
3305
3616
2941
1674
558
249
930
2198
3313
3615
2930
1661
548
251
942
2212
3321
3613
2918
1647
540
253
954
2225
3329
3610
2906
1631
532
256
965
2240
3338
3608
2895
1619
524
258
977
2253
3345
3606
2884
1605
517
261
987
2267
3353
3603
2873
1591
509
264
998
2282
3359
3600
2861
1578
502
267
1010
2294
3368
3597
2850
1566
495
269
1021
2308
3374
3594
2838
1550
487
273
1034
2322
3381
3591
2826
1536
480
275
1045
2336
3388
3588
2813
1522
473
279
1058
2349
3396
3584
2802
1508
465
283
1069
2363
3402
3581
2790
1495
458
286
1081
2376
3410
3577
2778
1481
451
290
1093
2388
3416
3573
2766
1467
445
294
1105
2404
3424
3569
2754
1455
437
298
1118
2417
3430
3566
2741
1442
431
301
1130
2430
3438
3562
2729
1429
423
305
1142
2443
3444
3558
2717
1415
417
310
1154
2457
3450
3553
2705
1402
411
313
1167
2470
3458
3550
2691
1388
405
319
1180
2483
3463
3543
2679
1375
399
324
1192
2496
3469
3539
2666
1363
392
329
1205
2510
3475
3534
2654
1349
387
333
1218
2523
3480
3529
2643
1337
381
338
1229
2536
3488
3523
2630
1324
376
344
1241
2549
3493
3520
2617
1309
371
348
1254
2562
3499
3514
2604
1296
365
353
1267
2575
3504
3509
2591
1284
360
360
1279
2589
3509
3504
2578
1270
352
365
1293
2602
3515
3498
2565
1258
348
371
1307
2615
3519
3493
2553
1245
343
376
1320
2627
3525
3489
2539
1233
337
382
1334
2639
3530
3481
2525
1219
332
387
1347
2652
3535
3475
2512
1208
327
392
1359
2664
3539
3469
2499
1195
322
399
1371
2676
3543
3463
2486
1183
319
405
1387
2689
3549
3457
2471
1170
313
411
1399
2702
3553
3451
2458
1157
309
417
1413
2714
3558
3446
2446
1144
305
423
1426
2725
3562
3438
2432
1132
301
429
1438
2737
3566
3430
2418
1120
297
437
1453
2752
3570
3425
2406
1107
293
443
1466
2764
3574
3418
2392
1096
289
450
1479
2776
3578
3410
2380
1084
285
457
1492
2787
3581
3403
2366
1072
282
465
1506
2799
3584
3398
2352
1061
279
471
1519
2811
3588
3390
2339
1048
276
479
1533
2822
3591
3383
2324
1035
272
487
1547
2836
3594
3375
2312
1023
269
493
1560
2847
3597
3369
2297
1012
266
501
1575
2859
3600
3361
2285
1000
264
508
1588
2871
3603
3353
2270
988
262
516
1602
2882
3606
3345
2256
978
257
523
1616
2893
3608
3338
2243
967
254
530
1629
2905
3611
3329
2229
955
253
540
1643
2916
3613
3321
2215
943
252
547
1656
2927
3614
3313
2201
932
250
556
1670
2938
3616
3305
2187
922
248
565
1684
2950
3619
3297
2174
909
245
573
1697
2962
3620
3289
2160
898
244
581
1711
2972
3623
3280
2147
887
242
590
1723
2983
3624
3271
2133
876
240
598
1737
2995
3626
3262
2119
866
239
607
1753
3007
3628
3254
2106
855
236
615
1767
3017
3629
3245
2091
844
236
624
1781
3027
3630
3237
2076
832
235
633
1796
3038
3631
3227
2063
823
234
642
1809
3049
3632
3218
2049
812
233
651
1822
3058
3633
3209
2036
801
232
660
1837
3068
3634
3200
2022
790
231
670
1850
3079
3635
3190
2009
780
229
679
1865
3090
3635
3181
1994
770
229
689
1878
3100
3636
3170
1980
759
228
699
1892
3110
3637
3161
1965
750
229
708
1906
3119
3636
3151
1952
739
228
719
1920
3128
3636
3141
1938
731
228
727
1934
3139
3637
3132
1925
720
228
737
1947
3149
3636
3122
1911
711
228
747
1961
3157
3636
3113
1897
702
229
756
1974
3167
3636
3103
1884
691
229
766
1988
3177
3635
3092
1869
683
230
776
2002
3185
3635
3083
1855
671
231
787
2017
3197
3634
3073
1841
663
231
796
2031
3206
3633
3063
1826
653
232
808
2045
3215
3632
3052
1813
647
233
819
2058
3225
3632
3041
1800
636
234
829
2072
3235
3630
3031
1785
627
236
841
2085
3244
3628
3021
1771
618
237
852
2099
3251
3628
3009
1757
609
238
861
2115
3261
3626
2997
1742
600
240
872
2127
3269
3625
2987
1729
592
241
884
2141
3277
3623
2976
1716
583
243
894
2155
3285
3621
2965
1702
574
246
904
2169
3293
3618
2954
1689
568
247
916
2182
3304
3617
2943
1676
558
249
929
2196
3311
3615
2931
1663
549
251
940
2210
3320
3613
2919
1648
542
253
952
2223
3327
3612
2907
1635
534
255
964
2237
3337
3608
2896
1621
525
258
975
2251
3344
3606
2886
1606
518
261
986
2265
3351
3603
2874
1593
510
264
997
2280
3358
3600
2863
1580
503
267
1009
2292
3367
3597
2851
1567
495
269
1020
2306
3373
3595
2838
1552
488
272
1033
2321
3380
3592
2828
1538
481
276
1045
2333
3387
3588
2815
1524
473
279
1056
2347
3394
3584
2803
1510
466
283
1068
2360
3402
3582
2792
1496
459
285
1080
2374
3408
3578
2779
1484
452
289
1093
2387
3416
3574
2767
1470
446
293
1103
2403
3422
3570
2756
1457
438
297
1115
2415
3430
3566
2742
1444
432
301
1127
2428
3438
3563
2730
1431
424
304
1140
2441
3444
3558
2719
1417
418
310
1153
2454
3450
3554
2708
1404
413
313
1165
2469
3456
3550
2693
1390
405
319
1178
2482
3463
3544
2681
1377
399
323
1190
2495
3468
3539
2669
1364
393
327
1203
2507
3474
3535
2657
1352
388
333
1215
2522
3479
3530
2644
1338
381
337
1227
2535
3489
3525
2632
1326
376
343
1240
2548
3492
3521
2619
1311
371
347
1253
2560
3498
3515
2606
1298
366
352
1265
2573
3503
3510
2594
1286
360
359
1279
2586
3510
3505
2580
1271
355
364
1292
2600
3514
3499
2567
1259
348
370
1305
2614
3520
3494
2554
1246
343
374
1318
2625
3524
3489
2540
1234
339
380
1332
2637
3530
3481
2527
1221
334
386
1345
2650
3534
3476
2513
1209
329
392
1357
2663
3538
3470
2500
1197
323
398
1370
2675
3543
3464
2488
1185
319
404
1383
2687
3549
3458
2473
1170
313
410
1397
2700
3553
3453
2459
1158
311
416
1411
2712
3558
3446
2447
1145
306
422
1423
2723
3562
3439
2433
1133
301
429
1436
2736
3566
3433
2421
1122
297
436
1451
2749
3569
3426
2408
1109
294
443
1464
2762
3574
3418
2394
1097
290
449
1478
2774
3577
3412
2382
1086
285
457
1491
2786
3580
3404
2368
1073
283
463
1504
2797
3584
3398
2352
1062
280
471
1519
2810
3587
3391
2340
1049
277
478
1531
2822
3590
3383
2326
1038
273
486
1544
2834
3594
3376
2314
1025
269
493
1559
2846
3597
3369
2299
1014
266
499
1573
2859
3600
3362
2286
1001
264
507
1587
2870
3602
3354
2271
990
261
514
1600
2880
3605
3347
2258
980
257
523
1614
2891
3609
3339
2244
968
256
530
1627
2903
3610
3331
2231
956
253
538
1640
2915
3613
3323
2216
944
252
546
1655
2927
3615
3316
2203
933
249
554
1668
2937
3616
3307
2189
922
247
563
1683
2947
3619
3298
2175
911
245
572
1695
2961
3621
3290
2162
899
244
580
1708
2971
3623
3281
2149
888
241
589
1721
2982
3624
3273
2135
877
240
597
1736
2993
3625
3264
2121
867
239
606
1749
3006
3627
3255
2107
856
237
613
1765
3015
3628
3246
2093
846
236
623
1779
3025
3630
3239
2078
833
235
632
1794
3036
3631
3229
2064
824
234
641
1808
3047
3631
3218
2051
812
232
649
1820
3058
3634
3209
2038
802
232
659
1834
3067
3635
3201
2024
792
231
669
1848
3078
3635
3192
2010
781
230
679
1862
3088
3635
3181
1994
771
229
687
1877
3099
3636
3172
1982
760
228
697
1891
3108
3636
3161
1967
751
229
707
1905
3119
3636
3153
1954
741
228
717
1918
3127
3637
3142
1940
733
228
727
1932
3137
3637
3133
1927
721
228
735
1945
3147
3636
3124
1912
712
228
746
1960
3156
3636
3114
1900
703
228
755
1974
3166
3636
3104
1885
693
229
766
1987
3176
3635
3094
1873
684
230
776
2001
3185
3635
3085
1857
674
231
785
2015
3196
3634
3075
1843
664
231
796
2030
3204
3633
3063
1829
654
232
806
2044
3213
3632
3053
1816
647
233
818
2056
3223
3631
3042
1802
637
234
828
2071
3234
3630
3032
1787
628
236
839
2084
3243
3629
3022
1773
620
237
851
2097
3251
3628
3011
1760
612
238
861
2112
3260
3627
2999
1745
601
240
871
2126
3268
3625
2989
1730
592
240
881
2140
3277
3623
2977
1717
585
243
893
2154
3285
3621
2967
1704
576
245
904
2167
3293
3619
2955
1689
568
247
916
2180
3302
3616
2945
1679
558
248
928
2195
3310
3615
2932
1664
550
250
938
2208
3320
3614
2921
1651
542
252
949
2221
3327
3612
2909
1637
535
254
962
2235
3335
3609
2898
1623
526
258
973
2248
3342
3606
2887
1609
519
260
983
2263
3350
3604
2876
1595
511
263
995
2278
3358
3600
2865
1582
503
266
1007
2291
3365
3598
2853
1569
497
269
1018
2305
3373
3596
2841
1554
489
271
1029
2318
3380
3592
2830
1540
481
275
1044
2332
3387
3589
2817
1524
473
278
1055
2345
3394
3585
2804
1512
467
282
1066
2359
3402
3582
2793
1498
460
285
1079
2372
3408
3579
2781
1485
453
288
1091
2386
3415
3574
2769
1472
446
293
1102
2401
3422
3570
2758
1459
439
297
1114
2413
3430
3567
2744
1445
433
300
1126
2428
3436
3564
2732
1432
425
304
1139
2440
3443
3558
2721
1419
419
309
1150
2453
3449
3554
2709
1406
413
313
1164
2468
3456
3550
2695
1391
406
318
1177
2480
3462
3545
2682
1379
401
322
1189
2494
3468
3540
2670
1366
393
327
1202
2506
3474
3536
2657
1352
389
332
1214
2521
3479
3530
2646
1339
382
337
1226
2533
3487
3526
2632
1327
376
342
1238
2546
3492
3521
2620
1313
372
346
1251
2559
3498
3516
2608
1300
366
352
1264
2572
3503
3510
2595
1287
361
358
1277
2584
3508
3506
2582
1273
355
364
1290
2600
3514
3500
2569
1260
348
369
1302
2611
3519
3494
2556
1248
344
373
1317
2624
3523
3490
2542
1235
338
378
1330
2636
3528
3485
2528
1223
334
385
1342
2649
3534
3477
2517
1211
329
391
1355
2661
3538
3470
2502
1198
324
398
1369
2673
3542
3464
2490
1186
319
403
1382
2685
3548
3458
2476
1173
315
409
1395
2697
3552
3453
2461
1160
311
415
1409
2710
3558
3446
2448
1147
306
421
1423
2722
3562
3440
2436
1135
301
428
1435
2735
3566
3434
2422
1122
297
435
1449
2747
3568
3426
2408
1110
294
442
1463
2761
3573
3419
2396
1098
291
449
1476
2772
3577
3413
2383
1087
286
456
1489
2785
3580
3405
2369
1075
283
463
1503
2796
3584
3399
2356
1063
280
470
1517
2809
3586
3391
2342
1051
277
477
1530
2822
3590
3385
2328
1040
273
484
1543
2833
3593
3377
2316
1026
269
492
1557
2845
3596
3370
2301
1015
267
498
1571
2856
3599
3363
2288
1002
264
506
1586
2868
3602
3355
2273
991
262
514
1599
2879
3606
3348
2259
980
258
522
1612
2890
3607
3340
2247
970
255
529
1624
2902
3610
3333
2232
958
253
538
1639
2914
3613
3324
2218
946
252
545
1652
2925
3615
3317
2204
935
250
552
1666
2936
3616
3308
2191
924
248
562
1680
2947
3618
3299
2176
912
245
570
1693
2959
3620
3291
2164
900
243
578
1707
2970
3622
3282
2150
889
242
588
1720
2980
3624
3274
2137
878
240
596
1734
2992
3626
3266
2123
868
239
604
1749
3004
3627
3257
2107
857
237
612
1763
3015
3629
3247
2095
847
236
622
1777
3025
3630
3240
2079
835
234
630
1792
3035
3631
3230
2066
825
233
639
1805
3045
3632
3219
2053
814
232
648
1819
3056
3632
3211
2039
804
232
657
1832
3066
3634
3201
2026
792
231
667
1845
3076
3635
3193
2012
783
229
677
1860
3087
3635
3183
1998
772
229
687
1875
3097
3636
3173
1983
762
228
695
1889
3108
3636
3164
1970
752
228
705
1902
3117
3637
3155
1955
743
228
715
1917
3126
3637
3144
1942
733
228
725
1930
3136
3637
3135
1929
723
228
734
1943
3146
3637
3125
1915
713
228
743
1958
3155
3636
3115
1901
704
229
754
1970
3165
3636
3105
1886
694
229
764
1985
3174
3635
3095
1873
685
230
774
2000
3185
3635
3086
1858
675
230
784
2014
3195
3634
3075
1845
665
231
796
2029
3204
3634
3066
1830
656
232
806
2041
3213
3632
3055
1816
649
233
816
2055
3222
3631
3043
1804
638
234
827
2068
3232
3630
3032
1789
630
236
837
2082
3242
3629
3023
1775
621
236
849
2095
3249
3628
3011
1761
613
238
858
2111
3259
3626
3002
1748
603
239
870
2125
3268
3625
2989
1733
593
241
880
2139
3276
3623
2979
1718
586
242
891
2152
3285
3622
2969
1705
576
244
903
2165
3293
3619
2957
1691
569
247
915
2179
3301
3617
2946
1679
558
249
926
2193
3310
3615
2934
1665
551
250
937
2206
3318
3614
2922
1653
543
253
949
2220
3325
3612
2911
1639
536
255
960
2232
3334
3610
2900
1624
527
257
972
2248
3342
3606
2888
1611
519
259
982
2262
3350
3604
2878
1597
512
262
993
2276
3356
3601
2866
1584
505
265
1005
2290
3364
3598
2854
1570
497
267
1016
2303
3372
3597
2843
1556
490
271
1029
2316
3379
3593
2830
1541
482
274
1041
2330
3386
3590
2818
1527
474
277
1053
2343
3393
3586
2807
1513
467
282
1065
2358
3401
3582
2794
1500
460
284
1077
2371
3407
3579
2783
1487
453
289
1089
2384
3414
3575
2770
1473
447
293
1100
2399
3422
3570
2759
1460
440
296
1112
2411
3430
3567
2745
1447
433
300
1125
2425
3436
3564
2733
1434
426
303
1137
2438
3442
3560
2723
1420
419
309
1148
2452
3449
3555
2709
1407
414
313
1162
2464
3454
3550
2697
1393
406
317
1175
2479
3461
3545
2683
1380
401
321
1187
2492
3466
3541
2671
1367
394
326
1200
2505
3473
3536
2659
1354
389
331
1212
2519
3478
3531
2648
1340
384
336
1224
2532
3486
3526
2635
1329
377
341
1236
2545
3491
3521
2622
1314
372
345
1250
2557
3497
3517
2608
1301
367
351
1262
2571
3502
3512
2596
1289
361
357
1276
2584
3508
3506
2584
1275
356
363
1289
2598
3514
3501
2570
1262
349
368
1301
2610
3518
3495
2557
1250
344
373
1315
2623
3523
3490
2544
1237
339
378
1330
2635
3528
3485
2531
1224
335
385
1341
2648
3533
3477
2519
1212
329
390
1355
2660
3538
3472
2504
1200
325
396
1367
2672
3542
3465
2491
1187
320
402
1380
2685
3547
3460
2478
1175
316
408
1393
2697
3550
3454
2463
1162
313
414
1407
2709
3557
3448
2450
1149
306
421
1420
2721
3561
3441
2437
1137
302
427
1434
2733
3565
3434
2423
1125
298
433
1448
2745
3568
3428
2411
1111
294
441
1461
2759
3571
3420
2398
1099
291
449
1474
2771
3576
3414
2384
1089
286
455
1487
2783
3580
3406
2371
1077
284
462
1501
2795
3583
3400
2357
1065
280
469
1515
2807
3586
3393
2343
1053
277
476
1529
2818
3590
3386
2330
1040
273
483
1541
2831
3594
3379
2317
1028
270
491
1555
2842
3597
3371
2303
1017
268
498
1570
2854
3599
3364
2290
1005
264
505
1584
2866
3602
3357
2275
993
261
513
1597
2878
3605
3349
2262
981
259
521
1611
2888
3608
3341
2248
971
256
529
1623
2901
3610
3333
2234
960
253
536
1638
2913
3613
3325
2220
948
252
544
1650
2923
3615
3318
2206
936
250
551
1664
2935
3615
3309
2192
924
248
560
1678
2947
3618
3301
2178
914
245
569
1691
2958
3620
3292
2165
902
244
578
1705
2969
3622
3283
2152
890
241
586
1718
2979
3624
3275
2138
880
240
594
1732
2990
3625
3266
2125
869
239
603
1747
3002
3626
3257
2111
859
238
611
1761
3014
3629
3249
2096
848
236
620
1775
3023
3630
3241
2081
836
235
629
1789
3034
3631
3232
2068
826
233
638
1804
3044
3631
3221
2055
815
232
647
1817
3055
3633
3213
2042
805
233
657
1830
3064
3634
3202
2028
795
231
667
1844
3076
3635
3193
2014
784
230
675
1859
3084
3636
3185
2000
774
230
686
1873
3096
3636
3174
1985
763
228
695
1887
3106
3636
3165
1971
753
229
704
1901
3115
3636
3155
1957
743
229
713
1915
3125
3637
3145
1943
734
228
723
1928
3134
3637
3135
1931
724
228
734
1942
3144
3637
3125
1917
715
228
743
1955
3154
3636
3116
1902
705
228
752
1969
3164
3637
3107
1889
695
229
763
1983
3173
3636
3096
1875
687
230
772
1998
3184
3635
3087
1860
677
231
783
2012
3193
3635
3078
1847
667
231
794
2025
3202
3634
3067
1833
657
232
804
2040
3212
3632
3055
1819
650
233
815
2053
3221
3632
3045
1806
640
234
825
2067
3232
3630
3035
1790
631
236
836
2080
3241
3630
3024
1777
622
236
848
2094
3248
3628
3013
1763
614
237
857
2110
3258
3627
3003
1749
603
239
869
2123
3266
3625
2991
1734
594
240
879
2137
3275
3623
2980
1720
586
243
890
2151
3283
3622
2969
1706
578
244
901
2163
3292
3619
2959
1694
570
246
912
2177
3300
3618
2947
1682
561
249
924
2191
3309
3615
2935
1667
552
250
936
2204
3317
3614
2923
1654
544
252
946
2218
3325
3612
2912
1639
536
254
959
2232
3333
3609
2900
1627
528
257
970
2246
3341
3606
2889
1612
520
259
981
2260
3349
3604
2879
1599
513
262
992
2273
3356
3601
2867
1586
505
264
1003
2288
3363
3598
2855
1571
498
268
1016
2300
3370
3596
2844
1558
491
270
1028
2314
3377
3593
2833
1542
483
274
1039
2328
3386
3590
2821
1529
476
277
1051
2342
3392
3586
2808
1514
468
281
1063
2356
3400
3583
2796
1502
461
284
1075
2368
3406
3579
2784
1488
454
288
1088
2382
3414
3575
2772
1475
448
292
1099
2398
3421
3572
2761
1462
441
295
1110
2410
3430
3568
2749
1449
433
299
1122
2423
3435
3565
2735
1435
426
302
1134
2436
3442
3560
2724
1422
421
307
1147
2449
3447
3556
2712
1410
414
313
1161
2464
3454
3550
2698
1395
407
317
1173
2477
3461
3546
2685
1382
401
321
1186
2490
3466
3542
2673
1369
395
325
1198
2502
3472
3537
2660
1355
389
330
1211
2516
3478
3532
2649
1343
384
335
1222
2531
3486
3526
2637
1330
378
341
1235
2543
3491
3522
2624
1316
373
346
1248
2556
3496
3518
2611
1303
368
350
1261
2568
3501
3512
2598
1291
363
357
1275
2583
3507
3506
2584
1278
357
362
1287
2596
3512
3501
2572
1264
350
368
1300
2608
3517
3495
2559
1251
345
373
1313
2621
3522
3490
2546
1238
340
378
1327
2632
3526
3486
2532
1226
336
384
1340
2646
3531
3478
2520
1214
329
390
1353
2658
3536
3472
2505
1202
325
397
1365
2670
3540
3466
2492
1189
321
402
1379
2682
3546
3460
2480
1177
317
408
1392
2695
3550
3454
2465
1164
313
414
1406
2707
3556
3447
2451
1152
309
421
1419
2718
3560
3442
2438
1139
304
427
1432
2730
3564
3434
2426
1126
300
433
1446
2743
3566
3428
2412
1113
296
441
1460
2758
3570
3420
2399
1102
293
448
1473
2769
3576
3414
2385
1090
288
455
1486
2781
3579
3407
2372
1078
285
462
1499
2793
3582
3400
2358
1066
281
469
1513
2806
3586
3393
2344
1054
278
476
1527
2818
3588
3386
2330
1041
274
483
1540
2830
3593
3378
2318
1030
271
490
1554
2842
3595
3370
2304
1018
268
498
1569
2854
3598
3364
2291
1006
265
504
1582
2865
3601
3356
2277
995
263
512
1595
2876
3604
3349
2263
982
260
520
1609
2887
3607
3341
2248
972
257
528
1623
2899
3609
3333
2235
961
255
535
1636
2911
3612
3325
2220
948
252
543
1650
2922
3614
3318
2208
938
250
550
1663
2933
3615
3310
2194
927
248
558
1677
2945
3617
3301
2180
915
247
568
1689
2956
3620
3293
2167
903
244
577
1704
2967
3622
3285
2154
892
243
586
1717
2978
3623
3275
2139
882
240
594
1731
2989
3625
3267
2126
871
239
603
1745
3002
3626
3259
2113
860
238
611
1759
3011
3628
3250
2098
849
236
619
1773
3022
3630
3242
2083
839
235
628
1787
3033
3631
3233
2070
828
234
637
1803
3043
3631
3222
2056
817
233
646
1815
3054
3633
3213
2043
807
232
655
1829
3064
3634
3204
2029
796
231
664
1842
3074
3635
3195
2015
784
229
675
1857
3084
3635
3185
2001
776
230
685
1872
3094
3635
3175
1986
765
229
694
1885
3104
3635
3165
1972
754
229
703
1899
3114
3635
3156
1959
744
228
713
1913
3124
3635
3146
1945
735
228
723
1926
3133
3636
3136
1933
725
228
733
1939
3143
3637
3126
1918
716
228
742
1955
3153
3636
3118
1903
706
229
751
1967
3163
3636
3108
1890
697
229
762
1982
3172
3635
3098
1877
687
230
772
1994
3182
3635
3088
1862
678
231
782
2010
3192
3634
3078
1848
669
231
793
2025
3201
3633
3067
1834
658
232
804
2038
3211
3632
3057
1820
651
233
813
2051
3220
3632
3045
1808
642
234
824
2065
3230
3630
3036
1792
632
236
835
2079
3239
3629
3025
1779
623
237
847
2092
3248
3628
3014
1765
615
237
856
2107
3257
3627
3004
1749
605
239
867
2121
3265
3625
2992
1737
596
241
879
2135
3274
3623
2981
1722
588
243
888
2149
3282
3622
2971
1708
579
244
900
2163
3290
3619
2959
1694
571
246
912
2175
3299
3618
2947
1683
562
248
923
2189
3308
3616
2936
1669
554
250
934
2203
3316
3614
2924
1656
545
252
945
2216
3323
3612
2913
1642
538
254
957
2231
3332
3610
2902
1627
529
256
968
2244
3339
3607
2891
1615
522
259
980
2258
3347
3604
2880
1600
513
262
991
2272
3355
3601
2869
1587
507
265
1003
2287
3362
3598
2857
1573
500
268
1014
2299
3370
3596
2846
1559
492
270
1025
2313
3376
3593
2834
1544
484
273
1039
2326
3385
3590
2822
1531
477
277
1050
2340
3390
3586
2809
1516
469
281
1062
2355
3399
3583
2797
1504
463
284
1074
2368
3405
3579
2786
1490
456
288
1086
2380
3412
3576
2773
1477
449
291
1097
2395
3420
3572
2762
1464
441
296
1110
2408
3427
3568
2750
1450
433
300
1122
2421
3434
3565
2736
1437
429
303
1134
2435
3440
3561
2725
1425
421
307
1146
2448
3446
3556
2713
1411
415
313
1160
2463
3453
3550
2699
1398
409
317
1172
2475
3460
3546
2687
1384
403
321
1185
2488
3465
3541
2674
1370
396
325
1197
2501
3471
3536
2662
1358
391
331
1210
2514
3477
3532
2649
1345
385
336
1221
2528
3485
3527
2638
1332
379
341
1234
2541
3490
3523
2626
1317
373
345
1247
2554
3495
3518
2612
1305
368
349
1259
2567
3501
3513
2600
1292
364
357
1272
2580
3506
3507
2587
1279
357
362
1285
2595
3512
3503
2573
1265
350
367
1298
2607
3517
3497
2560
1253
346
372
1311
2620
3522
3490
2548
1240
341
377
1326
2632
3526
3486
2534
1228
336
383
1338
2644
3530
3479
2522
1215
330
389
1351
2657
3536
3473
2506
1203
327
395
1363
2669
3541
3467
2494
1190
321
401
1378
2681
3546
3461
2481
1178
317
407
1390
2693
3550
3455
2466
1165
313
413
1404
2705
3556
3449
2453
1153
307
419
1417
2718
3560
3442
2441
1139
303
425
1431
2729
3564
3436
2427
1127
299
433
1444
2742
3567
3430
2415
1115
295
440
1458
2757
3570
3422
2401
1103
292
447
1471
2767
3574
3415
2387
1092
288
454
1483
2779
3578
3408
2374
1080
285
461
1497
2791
3582
3401
2360
1068
282
467
1511
2803
3585
3394
2347
1056
277
474
1525
2816
3589
3387
2334
1041
275
482
1538
2829
3592
3379
2320
1031
271
489
1551
2840
3596
3373
2306
1020
269
497
1566
2851
3598
3366
2292
1009
265
503
1580
2863
3601
3358
2280
996
263
511
1593
2875
3603
3350
2265
984
260
519
1607
2886
3606
3343
2251
974
257
527
1620
2897
3610
3334
2238
964
255
534
1634
2909
3612
3326
2223
950
253
543
1648
2920
3614
3319
2210
939
251
550
1661
2931
3615
3311
2196
928
249
558
1675
2943
3617
3302
2182
916
246
566
1689
2955
3619
3293
2169
904
245
576
1702
2966
3621
3285
2155
894
243
585
1716
2977
3623
3277
2141
883
241
592
1729
2987
3625
3268
2128
873
240
602
1743
2998
3626
3259
2115
862
238
610
1757
3010
3628
3251
2099
851
236
618
1772
3021
3630
3243
2085
840
236
627
1785
3031
3630
3234
2072
829
234
636
1800
3042
3631
3223
2058
818
234
645
1813
3053
3632
3214
2045
807
232
654
1827
3060
3633
3205
2030
796
231
663
1841
3073
3634
3196
2017
786
230
673
1856
3083
3636
3185
2003
776
229
683
1869
3093
3636
3176
1988
766
229
692
1884
3104
3636
3166
1974
756
228
702
1898
3113
3636
3157
1961
746
228
711
1912
3123
3636
3148
1947
736
228
721
1925
3132
3637
3138
1933
726
228
731
1938
3142
3637
3128
1920
718
228
739
1952
3152
3636
3119
1906
707
229
750
1966
3161
3636
3109
1892
698
229
760
1980
3170
3635
3099
1878
688
229
770
1994
3181
3635
3090
1863
679
231
780
2008
3191
3635
3079
1850
670
231
790
2022
3201
3633
3067
1836
659
232
801
2037
3209
3633
3058
1822
651
232
812
2049
3219
3632
3047
1809
643
233
823
2063
3229
3630
3037
1795
633
235
834
2077
3238
3630
3027
1780
625
236
845
2091
3246
3628
3015
1765
617
237
855
2105
3255
3627
3006
1752
606
239
866
2120
3264
3626
2994
1737
598
240
877
2133
3272
3623
2983
1723
589
242
888
2147
3281
3622
2971
1710
580
244
898
2160
3289
3619
2961
1697
572
246
909
2173
3297
3618
2950
1686
562
248
922
2188
3305
3616
2938
1671
555
250
932
2201
3313
3615
2927
1657
546
252
944
2214
3323
3613
2915
1643
538
254
956
2229
3331
3609
2903
1631
530
257
967
2243
3338
3607
2892
1616
522
259
979
2256
3346
3605
2882
1602
515
262
990
2270
3354
3602
2870
1588
508
265
1001
2286
3362
3599
2858
1575
500
268
1013
2298
3369
3596
2846
1560
493
269
1024
2311
3376
3594
2835
1547
485
273
1037
2325
3383
3590
2822
1532
478
276
1049
2339
3390
3587
2811
1518
469
280
1061
2352
3398
3583
2799
1505
463
283
1073
2366
3404
3580
2786
1491
457
287
1084
2380
3412
3577
2775
1478
449
291
1096
2393
3418
3572
2763
1465
443
294
1107
2407
3427
3568
2752
1452
435
299
1120
2419
3433
3566
2738
1438
429
301
1132
2434
3438
3561
2727
1426
422
306
1144
2446
3446
3557
2714
1413
416
311
1158
2461
3452
3550
2701
1399
410
316
1170
2474
3459
3547
2689
1385
403
321
1184
2487
3465
3542
2676
1371
397
325
1195
2500
3470
3538
2664
1359
391
329
1208
2512
3477
3533
2651
1346
386
335
1219
2526
3485
3528
2640
1334
379
340
1232
2540
3489
3523
2627
1319
374
345
1244
2552
3494
3518
2614
1306
369
349
1257
2566
3500
3513
2601
1294
363
354
1269
2578
3505
3508
2588
1279
358
361
1283
2592
3511
3503
2574
1267
351
367
1295
2606
3516
3497
2561
1254
346
372
1310
2617
3521
3491
2549
1241
341
377
1324
2630
3526
3487
2535
1229
336
382
1338
2643
3530
3480
2523
1217
331
389
1350
2655
3536
3474
2509
1204
326
395
1363
2667
3540
3467
2496
1192
321
400
1376
2680
3544
3462
2483
1180
317
406
1388
2692
3550
3455
2467
1166
313
413
1403
2705
3554
3450
2454
1154
308
419
1415
2717
3558
3444
2442
1141
304
425
1429
2728
3564
3437
2428
1129
301
432
1442
2740
3566
3430
2416
1116
296
439
1456
2755
3570
3423
2402
1105
292
446
1469
2767
3575
3416
2389
1093
288
453
1482
2778
3578
3410
2376
1081
285
460
1495
2790
3582
3402
2363
1069
281
466
1511
2802
3585
3396
2348
1057
278
473
1523
2814
3588
3387
2335
1045
275
481
1537
2827
3593
3381
2321
1031
271
488
1550
2838
3595
3373
2308
1021
268
496
1565
2850
3598
3367
2293
1009
265
503
1579
2862
3601
3359
2281
997
263
510
1591
2874
3604
3352
2266
985
260
517
1605
2886
3606
3344
2253
975
257
526
1618
2896
3609
3336
2239
964
255
533
1632
2908
3612
3328
2224
952
253
542
1646
2919
3614
3320
2212
940
251
549
1659
2931
3615
3313
2199
929
248
558
1674
2941
3617
3305
2184
918
246
566
1688
2953
3619
3294
2171
906
244
574
1701
2965
3622
3287
2157
896
243
583
1714
2976
3623
3277
2143
885
241
591
1728
2987
3625
3269
2130
873
240
600
1741
2997
3626
3261
2115
863
238
609
1755
3009
3628
3252
2101
852
236
618
1770
3020
3629
3244
2087
841
236
626
1784
3030
3630
3235
2073
829
234
635
1799
3040
3631
3224
2060
820
233
643
1812
3052
3632
3216
2046
809
232
653
1826
3060
3634
3205
2032
796
231
663
1839
3072
3635
3197
2018
788
230
671
1853
3081
3635
3185
2005
777
229
681
1869
3092
3636
3177
1990
767
229
691
1882
3102
3636
3168
1976
757
228
701
1896
3112
3636
3158
1963
747
229
710
1909
3122
3636
3149
1949
737
229
720
1924
3130
3637
3139
1934
728
228
730
1936
3141
3637
3129
1922
718
228
739
1951
3151
3637
3120
1908
708
228
749
1965
3160
3636
3109
1893
699
228
759
1978
3170
3635
3100
1881
689
230
769
1993
3179
3635
3090
1865
679
230
778
2007
3190
3635
3081
1852
671
231
789
2021
3199
3634
3071
1838
660
231
800
2035
3208
3633
3059
1823
652
232
811
2047
3218
3632
3049
1810
644
233
820
2062
3228
3631
3038
1797
634
235
832
2075
3236
3629
3028
1782
625
236
844
2089
3245
3629
3018
1768
617
237
855
2103
3254
3627
3006
1754
607
238
865
2118
3263
3625
2995
1739
598
240
875
2131
3271
3624
2984
1726
590
241
886
2146
3280
3622
2973
1712
581
244
898
2159
3289
3621
2963
1698
574
246
908
2172
3297
3618
2951
1685
564
248
920
2186
3305
3616
2939
1672
557
250
932
2200
3313
3615
2928
1659
547
252
943
2213
3321
3613
2916
1646
539
253
956
2226
3329
3611
2905
1631
532
256
965
2240
3338
3608
2893
1618
523
258
977
2254
3345
3605
2883
1603
516
261
988
2269
3353
3602
2871
1590
508
264
1000
2283
3361
3599
2860
1576
501
267
1011
2296
3368
3596
2849
1562
494
270
1023
2310
3375
3594
2837
1548
485
273
1035
2324
3382
3590
2825
1535
479
276
1047
2337
3390
3587
2812
1520
470
280
1059
2352
3397
3583
2800
1507
465
283
1070
2364
3403
3580
2788
1494
457
287
1083
2377
3410
3577
2776
1480
450
291
1095
2393
3418
3573
2764
1466
443
294
1106
2405
3426
3569
2753
1453
437
298
1118
2419
3432
3566
2739
1440
429
301
1131
2432
3438
3562
2728
1427
422
305
1143
2445
3446
3557
2716
1415
417
311
1156
2458
3451
3553
2703
1399
410
313
1169
2472
3458
3547
2690
1387
403
319
1182
2485
3464
3543
2677
1373
397
325
1194
2498
3470
3538
2665
1360
392
329
1207
2512
3476
3534
2653
1348
387
334
1218
2525
3482
3529
2640
1336
380
339
1230
2539
3489
3524
2629
1320
374
345
1243
2551
3494
3520
2616
1308
370
348
1255
2564
3500
3514
2603
1295
364
353
1269
2576
3505
3509
2590
1283
360
360
1282
2591
3510
3504
2576
1268
351
365
1295
2604
3516
3498
2564
1255
346
371
1308
2617
3521
3493
2551
1243
341
376
1322
2628
3526
3487
2538
1231
337
381
1336
2641
3530
3480
2524
1219
333
388
1348
2653
3536
3475
2511
1206
327
393
1361
2665
3540
3468
2497
1194
322
400
1374
2678
3544
3462
2484
1181
318
405
1387
2690
3550
3456
2469
1168
313
411
1399
2703
3554
3451
2457
1154
309
418
1415
2714
3558
3444
2443
1142
303
424
1427
2726
3563
3438
2431
1130
300
431
1441
2738
3566
3430
2417
1118
296
439
1454
2754
3570
3424
2404
1106
293
445
1467
2765
3574
3418
2391
1094
289
452
1481
2777
3578
3410
2378
1083
285
459
1494
2789
3582
3403
2364
1070
282
465
1508
2801
3585
3396
2351
1059
278
472
1522
2813
3588
3389
2337
1046
275
480
1535
2826
3592
3381
2323
1034
271
487
1548
2837
3596
3374
2309
1022
269
495
1562
2849
3598
3368
2296
1010
266
502
1577
2861
3602
3360
2283
998
263
509
1590
2873
3603
3353
2268
987
261
517
1603
2884
3606
3345
2255
976
257
525
1617
2894
3609
3337
2240
965
254
532
1630
2907
3611
3329
2227
953
253
540
1644
2918
3613
3321
2213
942
251
547
1658
2929
3615
3313
2200
931
249
557
1671
2940
3616
3305
2186
920
248
565
1686
2951
3619
3296
2172
908
244
574
1698
2963
3621
3288
2159
896
243
582
1712
2974
3623
3279
2145
885
241
590
1726
2985
3624
3270
2131
875
239
598
1739
2996
3626
3262
2118
864
238
608
1754
3008
3628
3253
2105
854
236
616
1769
3018
3629
3245
2089
843
236
625
1782
3029
3631
3236
2076
831
234
634
1797
3039
3631
3225
2062
820
233
643
1809
3049
3632
3217
2047
811
232
652
1824
3060
3633
3207
2034
800
232
661
1837
3070
3635
3198
2021
789
231
671
1851
3080
3635
3189
2006
779
230
680
1865
3091
3635
3178
1992
768
229
690
1881
3101
3636
3169
1978
758
229
699
1893
3111
3636
3159
1964
748
229
709
1908
3121
3636
3149
1950
739
228
719
1922
3130
3637
3141
1936
730
228
729
1934
3140
3637
3130
1923
719
229
737
1949
3150
3636
3121
1909
710
228
748
1963
3159
3636
3111
1895
701
228
758
1977
3168
3636
3102
1882
691
230
768
1991
3178
3635
3091
1868
681
230
778
2005
3188
3635
3083
1853
671
231
788
2019
3199
3634
3071
1840
661
231
799
2033
3208
3633
3060
1825
652
232
810
2047
3217
3632
3050
1811
645
233
820
2060
3227
3631
3039
1798
634
234
830
2074
3236
3630
3029
1783
626
236
842
2087
3245
3630
3019
1769
617
236
853
2103
3253
3628
3007
1756
608
238
864
2117
3262
3626
2996
1741
598
239
874
2130
3271
3624
2985
1727
591
242
885
2143
3279
3623
2975
1713
582
244
896
2158
3288
3620
2963
1700
574
245
907
2171
3295
3619
2953
1689
564
248
919
2185
3305
3616
2941
1674
557
250
930
2198
3313
3615
2929
1661
548
252
941
2212
3321
3613
2918
1647
540
253
953
2225
3329
3611
2907
1631
531
255
964
2239
3338
3608
2895
1619
523
258
976
2253
3345
3606
2885
1605
516
260
986
2267
3353
3603
2872
1591
509
263
998
2282
3359
3600
2862
1578
502
266
1010
2294
3368
3597
2850
1565
495
269
1021
2308
3374
3594
2838
1550
487
272
1033
2322
3381
3591
2826
1536
480
276
1045
2336
3388
3587
2814
1522
471
278
1058
2349
3396
3584
2802
1508
465
283
1069
2362
3402
3581
2790
1495
457
286
1081
2376
3410
3578
2778
1482
450
289
1094
2390
3417
3574
2765
1468
445
294
1105
2404
3426
3568
2754
1455
437
298
1118
2417
3430
3566
2741
1441
431
301
1129
2430
3438
3562
2729
1429
423
305
1142
2444
3445
3558
2717
1415
417
309
1154
2456
3450
3553
2705
1402
411
313
1168
2471
3458
3549
2692
1388
404
319
1180
2484
3463
3543
2680
1375
398
323
1192
2497
3469
3539
2666
1362
392
328
1205
2508
3475
3534
2655
1349
388
333
1217
2523
3480
3530
2643
1337
381
337
1229
2537
3489
3524
2629
1324
375
343
1241
2549
3493
3520
2617
1310
371
347
1255
2562
3498
3514
2604
1296
364
353
1267
2575
3504
3510
2592
1284
360
360
1279
2589
3510
3504
2578
1270
352
365
1294
2602
3516
3499
2565
1258
347
371
1307
2614
3520
3493
2552
1244
342
375
1320
2627
3525
3489
2539
1232
337
381
1334
2640
3530
3481
2525
1220
332
387
1346
2651
3535
3476
2513
1207
328
393
1359
2664
3539
3469
2499
1194
323
398
1372
2677
3544
3463
2486
1183
319
405
1385
2689
3550
3458
2471
1169
313
410
1399
2701
3553
3451
2458
1156
311
417
1413
2713
3558
3446
2445
1144
305
423
1426
2725
3562
3438
2432
1132
301
429
1439
2737
3566
3430
2418
1119
297
437
1453
2751
3569
3426
2405
1107
293
444
1466
2764
3573
3418
2392
1095
289
450
1479
2775
3578
3410
2380
1084
285
458
1493
2788
3582
3404
2366
1072
282
465
1505
2800
3584
3397
2352
1060
279
471
1520
2811
3587
3390
2338
1047
276
479
1533
2822
3591
3383
2324
1035
272
487
1546
2836
3595
3375
2311
1023
269
494
1560
2848
3598
3368
2297
1012
267
501
1575
2860
3600
3361
2284
999
263
508
1588
2871
3603
3354
2269
988
261
516
1602
2883
3605
3345
2256
978
257
523
1616
2894
3609
3338
2242
966
255
531
1628
2906
3611
3330
2228
956
253
539
1643
2917
3614
3321
2215
944
251
547
1656
2927
3615
3314
2201
932
249
556
1670
2939
3616
3305
2188
920
247
564
1684
2951
3619
3297
2173
909
244
572
1697
2962
3621
3289
2160
898
243
581
1711
2972
3623
3280
2147
887
241
590
1724
2984
3624
3272
2133
876
240
598
1737
2994
3626
3263
2119
865
238
606
1753
3007
3628
3254
2106
855
236
614
1767
3017
3630
3246
2091
844
236
624
1781
3027
3630
3237
2077
832
234
633
1795
3038
3631
3227
2063
822
233
642
1809
3049
3632
3218
2049
812
233
651
1822
3058
3633
3209
2036
801
232
660
1836
3069
3635
3199
2022
789
230
671
1850
3079
3635
3190
2009
780
229
679
1865
3088
3636
3180
1994
769
229
689
1879
3100
3636
3171
1980
759
229
699
1892
3110
3637
3161
1966
750
228
708
1906
3120
3636
3151
1952
739
228
718
1920
3128
3637
3141
1938
731
228
727
1934
3139
3637
3131
1925
720
228
736
1948
3149
3636
3123
1911
711
229
746
1961
3158
3637
3112
1897
701
228
756
1974
3167
3637
3102
1884
691
229
766
1989
3176
3635
3092
1869
683
230
776
2002
3185
3635
3083
1855
671
230
787
2017
3197
3634
3073
1841
663
231
796
2031
3206
3633
3063
1826
653
232
808
2045
3215
3632
3051
1813
646
233
819
2058
3225
3631
3040
1800
636
235
829
2072
3234
3630
3031
1785
627
236
841
2085
3244
3629
3020
1771
618
237
852
2099
3251
3627
3008
1757
610
238
862
2115
3261
3626
2997
1742
600
240
872
2128
3270
3625
2987
1729
591
241
884
2141
3278
3623
2976
1715
582
243
895
2155
3286
3621
2965
1701
574
246
905
2169
3294
3619
2955
1689
566
247
916
2182
3305
3617
2942
1676
558
249
928
2196
3312
3615
2931
1662
548
251
940
2210
3320
3614
2919
1649
541
253
952
2224
3328
3611
2908
1635
533
255
964
2238
3337
3608
2897
1620
526
258
975
2251
3343
3606
2886
1607
518
260
985
2265
3352
3604
2874
1593
510
263
997
2280
3358
3600
2862
1580
502
266
1008
2292
3367
3598
2852
1567
496
268
1020
2307
3373
3595
2840
1552
488
272
1032
2320
3381
3590
2828
1539
480
275
1045
2333
3388
3589
2815
1524
473
278
1056
2348
3395
3585
2803
1509
465
282
1068
2360
3402
3581
2792
1496
459
285
1080
2375
3410
3578
2779
1483
452
289
1092
2387
3416
3574
2767
1469
445
293
1103
2403
3423
3570
2756
1457
437
297
1115
2415
3430
3566
2742
1443
432
301
1127
2428
3438
3563
2730
1430
424
304
1140
2441
3444
3558
2720
1417
418
309
1153
2455
3450
3554
2707
1404
411
313
1165
2469
3457
3550
2693
1390
405
319
1178
2481
3463
3544
2681
1376
399
323
1190
2496
3468
3539
2668
1364
393
327
1203
2508
3475
3535
2655
1351
388
332
1215
2523
3480
3530
2644
1338
381
337
1227
2535
3488
3525
2631
1326
376
343
1240
2548
3493
3521
2618
1311
371
346
1253
2561
3499
3516
2606
1299
365
352
1266
2573
3504
3510
2594
1286
360
358
1279
2588
3509
3505
2580
1272
353
364
1292
2600
3515
3500
2567
1259
347
370
1305
2613
3520
3494
2554
1247
343
374
1319
2625
3524
3489
2540
1234
338
380
1333
2638
3529
3482
2528
1221
333
386
1344
2650
3535
3476
2513
1209
328
392
1358
2663
3538
3470
2500
1197
323
398
1371
2675
3543
3463
2488
1184
319
404
1383
2687
3549
3458
2474
1172
313
409
1398
2701
3554
3452
2460
1158
310
416
1411
2710
3558
3446
2447
1145
305
422
1424
2723
3562
3440
2434
1134
301
429
1437
2736
3566
3433
2421
1122
297
436
1451
2749
3569
3426
2407
1109
294
443
1464
2762
3574
3418
2394
1096
289
449
1479
2774
3577
3411
2381
1085
286
457
1491
2786
3581
3405
2368
1073
283
463
1504
2798
3584
3399
2352
1061
279
470
1518
2810
3587
3391
2340
1049
276
478
1531
2822
3590
3384
2326
1037
272
485
1545
2834
3594
3377
2313
1025
269
493
1558
2846
3598
3369
2299
1013
267
499
1573
2858
3599
3362
2286
1001
264
507
1587
2870
3603
3354
2271
990
261
515
1601
2881
3606
3347
2258
979
258
522
1614
2892
3608
3339
2244
968
255
531
1628
2904
3611
3331
2230
956
253
538
1640
2915
3614
3323
2216
944
252
546
1654
2926
3615
3316
2203
932
250
555
1668
2937
3616
3305
2188
922
248
562
1683
2947
3618
3298
2174
910
245
572
1695
2961
3621
3289
2162
899
244
580
1709
2971
3623
3281
2148
888
243
589
1722
2982
3623
3273
2135
877
240
598
1737
2993
3626
3264
2121
867
239
606
1749
3006
3627
3255
2107
856
238
614
1765
3015
3628
3246
2092
846
236
623
1778
3025
3630
3239
2079
834
235
631
1794
3036
3630
3229
2065
824
234
641
1808
3046
3631
3218
2051
812
233
650
1821
3057
3632
3209
2038
802
232
659
1834
3068
3633
3200
2023
792
231
670
1849
3077
3634
3190
2010
782
231
679
1863
3088
3635
3182
1994
771
230
689
1877
3098
3635
3171
1981
760
229
698
1891
3108
3635
3161
1967
751
229
707
1905
3118
3635
3152
1954
741
230
718
1918
3127
3637
3142
1940
732
228
727
1932
3136
3636
3132
1927
722
228
736
1946
3147
3636
3123
1912
713
230
746
1960
3156
3636
3113
1899
703
229
755
1973
3166
3635
3103
1885
694
230
766
1987
3175
3634
3093
1869
684
230
776
2002
3185
3634
3084
1857
674
231
785
2016
3195
3634
3074
1843
664
231
796
2030
3205
3632
3063
1828
656
232
808
2044
3213
3632
3052
1815
648
234
818
2057
3223
3631
3041
1802
638
234
828
2070
3234
3630
3031
1787
629
236
840
2084
3243
3628
3021
1773
619
237
850
2098
3251
3627
3009
1759
610
238
861
2113
3260
3626
2999
1744
601
240
872
2127
3268
3625
2987
1730
593
241
883
2140
3277
3622
2978
1717
584
243
893
2155
3285
3621
2966
1703
576
245
904
2168
3293
3618
2955
1689
568
247
916
2180
3302
3616
2945
1678
558
249
928
2195
3311
3615
2932
1663
550
251
939
2208
3319
3614
2920
1650
542
252
950
2222
3327
3611
2909
1637
534
255
962
2236
3336
3608
2898
1622
526
258
974
2248
3343
3606
2887
1609
519
261
984
2264
3350
3603
2875
1595
511
263
996
2278
3357
3600
2864
1581
504
266
1007
2292
3366
3597
2853
1568
496
268
1019
2305
3372
3595
2841
1553
489
271
1032
2319
3379
3591
2829
1540
481
275
1043
2332
3386
3588
2817
1524
474
279
1055
2345
3393
3584
2804
1512
467
283
1067
2360
3401
3582
2793
1498
460
285
1079
2372
3408
3578
2780
1485
453
289
1092
2386
3415
3574
2769
1471
446
293
1102
2401
3422
3570
2758
1459
439
298
1114
2414
3430
3566
2743
1446
433
301
1126
2428
3436
3563
2732
1431
425
304
1139
2440
3443
3558
2721
1419
419
309
1150
2452
3448
3554
2708
1405
413
313
1165
2468
3456
3550
2695
1391
406
319
1177
2480
3462
3544
2681
1379
401
323
1189
2493
3468
3539
2669
1365
394
327
1202
2506
3474
3536
2657
1353
388
332
1214
2521
3479
3530
2645
1339
382
337
1226
2534
3487
3525
2633
1326
376
342
1238
2546
3491
3521
2620
1312
372
346
1251
2559
3498
3516
2608
1299
367
352
1264
2572
3502
3510
2595
1287
361
358
1277
2584
3509
3506
2582
1273
355
364
1291
2600
3514
3499
2568
1261
349
370
1303
2612
3519
3494
2555
1247
345
374
1317
2624
3523
3489
2541
1235
339
380
1331
2636
3528
3485
2529
1223
333
385
1343
2649
3534
3477
2517
1210
329
391
1356
2661
3538
3470
2502
1198
324
397
1369
2673
3542
3464
2489
1186
320
404
1382
2686
3548
3459
2476
1174
315
410
1397
2698
3550
3453
2462
1160
312
416
1409
2710
3558
3446
2448
1147
305
421
1422
2722
3562
3440
2435
1135
301
429
1435
2734
3565
3434
2422
1123
298
435
1449
2747
3568
3427
2409
1110
294
441
1463
2761
3572
3419
2396
1098
290
449
1476
2772
3576
3412
2382
1087
286
457
1489
2784
3580
3405
2369
1074
284
463
1503
2796
3583
3398
2356
1064
280
470
1516
2810
3586
3392
2341
1050
277
478
1530
2822
3590
3384
2328
1039
273
484
1543
2833
3594
3377
2315
1027
270
492
1558
2845
3597
3370
2301
1015
267
499
1572
2857
3599
3362
2288
1003
264
507
1586
2868
3602
3355
2272
991
262
514
1599
2879
3604
3347
2259
980
259
522
1613
2890
3608
3339
2246
969
256
530
1624
2902
3610
3331
2232
958
253
538
1640
2913
3612
3323
2218
946
252
546
1654
2924
3614
3316
2204
935
250
554
1668
2936
3616
3308
2191
924
248
562
1681
2947
3618
3299
2176
912
246
570
1694
2959
3620
3290
2164
900
244
579
1707
2970
3622
3282
2150
889
242
588
1721
2981
3624
3274
2136
879
240
596
1735
2992
3625
3265
2122
868
239
605
1749
3005
3627
3256
2107
857
238
613
1764
3015
3629
3248
2095
847
236
622
1777
3024
3630
3240
2079
835
235
631
1792
3035
3631
3231
2067
824
234
640
1806
3045
3632
3220
2053
814
233
649
1819
3056
3633
3211
2039
803
232
658
1833
3066
3634
3201
2026
794
231
667
1846
3076
3635
3193
2012
782
230
677
1861
3086
3635
3183
1998
772
230
687
1875
3097
3636
3173
1982
761
229
695
1889
3108
3636
3163
1969
752
228
706
1903
3117
3636
3153
1955
742
228
715
1917
3126
3637
3143
1942
734
228
725
1930
3136
3636
3134
1929
723
228
735
1942
3145
3636
3124
1915
713
228
744
1958
3156
3636
3115
1901
704
229
754
1971
3165
3635
3105
1887
695
229
764
1985
3174
3634
3094
1873
685
230
774
1999
3185
3635
3086
1858
675
231
784
2014
3195
3634
3075
1845
665
232
796
2028
3203
3633
3066
1830
656
232
806
2043
3212
3632
3054
1817
649
233
816
2055
3222
3631
3043
1804
639
234
827
2068
3232
3630
3033
1789
630
236
837
2083
3242
3628
3022
1775
621
237
850
2095
3249
3628
3011
1761
613
238
859
2111
3259
3626
3002
1747
602
239
870
2125
3267
3624
2989
1732
593
241
881
2138
3276
3623
2979
1719
585
243
892
2152
3284
3621
2967
1705
577
245
903
2165
3292
3619
2957
1692
570
247
914
2179
3301
3616
2945
1679
558
249
926
2193
3309
3615
2935
1665
551
251
937
2206
3318
3614
2922
1653
543
253
949
2220
3325
3612
2911
1639
536
255
960
2232
3334
3609
2899
1624
527
257
972
2248
3341
3606
2887
1611
519
260
983
2262
3349
3604
2877
1597
512
263
994
2277
3357
3601
2866
1583
505
265
1006
2290
3364
3597
2854
1570
497
268
1017
2303
3371
3596
2842
1556
490
271
1029
2316
3378
3592
2830
1542
482
275
1042
2330
3386
3589
2818
1527
475
278
1053
2343
3393
3585
2806
1512
467
282
1065
2358
3400
3582
2794
1500
461
285
1077
2371
3407
3578
2782
1487
454
288
1089
2384
3414
3574
2770
1474
447
292
1100
2399
3421
3571
2759
1460
439
297
1112
2412
3429
3566
2745
1447
433
300
1125
2425
3436
3563
2733
1433
426
304
1136
2438
3442
3560
2722
1420
420
309
1150
2452
3448
3555
2709
1407
413
313
1162
2464
3454
3550
2697
1393
406
317
1175
2479
3462
3545
2684
1380
401
321
1187
2492
3467
3540
2671
1368
395
327
1200
2504
3473
3536
2659
1355
389
331
1213
2519
3478
3531
2647
1340
384
336
1224
2532
3487
3526
2634
1329
377
341
1237
2544
3491
3522
2622
1315
372
346
1250
2557
3497
3516
2608
1301
367
351
1262
2570
3502
3511
2596
1289
362
357
1275
2584
3508
3506
2584
1276
356
363
1288
2597
3514
3501
2570
1262
349
368
1302
2610
3518
3495
2557
1250
345
373
1315
2622
3523
3490
2544
1237
339
379
1329
2635
3528
3483
2531
1224
335
384
1341
2648
3532
3477
2519
1212
329
390
1354
2660
3538
3471
2504
1200
325
397
1367
2672
3542
3465
2491
1187
320
403
1380
2684
3546
3459
2478
1175
316
409
1393
2697
3550
3453
2464
1162
313
415
1407
2709
3557
3447
2449
1149
306
421
1421
2720
3561
3441
2437
1137
302
427
1434
2733
3565
3434
2424
1125
298
433
1447
2745
3569
3428
2411
1112
294
441
1461
2760
3571
3420
2398
1099
291
449
1474
2770
3576
3414
2385
1089
287
455
1488
2783
3580
3406
2371
1077
283
462
1500
2794
3583
3400
2358
1065
280
469
1515
2807
3586
3392
2343
1053
277
477
1528
2818
3589
3385
2330
1041
274
483
1542
2832
3593
3377
2316
1029
270
491
1555
2842
3597
3370
2304
1017
267
498
1570
2854
3599
3363
2290
1004
264
505
1583
2867
3601
3356
2274
992
261
513
1597
2878
3604
3349
2261
981
260
521
1609
2889
3607
3341
2248
971
256
529
1624
2900
3610
3333
2232
959
254
536
1638
2912
3612
3325
2220
947
252
544
1652
2923
3614
3317
2206
936
250
552
1664
2935
3616
3309
2192
925
248
561
1679
2947
3617
3301
2178
916
246
569
1691
2958
3620
3292
2166
902
244
578
1705
2969
3622
3283
2152
891
242
586
1719
2979
3623
3275
2139
881
240
594
1733
2990
3626
3266
2124
870
240
604
1747
3003
3626
3257
2111
858
238
611
1761
3013
3628
3249
2096
848
236
620
1775
3023
3630
3241
2082
836
235
629
1789
3034
3631
3232
2068
826
233
639
1803
3044
3631
3221
2055
816
232
647
1817
3055
3632
3213
2041
804
232
656
1831
3065
3634
3202
2027
795
230
665
1844
3075
3636
3193
2014
784
230
676
1859
3084
3635
3185
2000
774
230
685
1873
3096
3636
3173
1984
764
228
695
1887
3106
3636
3165
1971
753
228
704
1901
3116
3636
3155
1957
743
228
715
1915
3125
3637
3145
1943
734
228
723
1929
3134
3637
3136
1930
724
228
733
1941
3144
3636
3125
1917
714
228
742
1957
3155
3636
3116
1902
705
228
752
1970
3165
3635
3106
1889
695
229
763
1982
3173
3636
3096
1875
687
230
772
1998
3184
3635
3087
1860
676
231
784
2012
3193
3634
3077
1846
667
231
794
2026
3201
3633
3067
1833
657
232
804
2040
3211
3632
3055
1818
650
232
814
2053
3221
3631
3045
1806
640
234
826
2067
3231
3630
3035
1790
630
235
836
2080
3241
3630
3024
1777
621
237
848
2094
3248
3629
3013
1763
614
237
857
2109
3258
3627
3003
1749
604
239
868
2123
3267
3625
2991
1734
595
241
880
2137
3274
3623
2980
1721
586
243
890
2151
3283
3621
2970
1707
578
244
902
2163
3292
3619
2959
1693
570
246
912
2176
3300
3617
2947
1681
560
248
924
2190
3309
3616
2935
1667
553
250
935
2204
3317
3615
2924
1654
544
252
948
2218
3325
3612
2912
1641
536
254
958
2232
3333
3610
2900
1626
528
257
970
2245
3341
3608
2890
1612
520
259
981
2260
3349
3604
2878
1599
513
262
993
2273
3356
3601
2868
1585
506
265
1005
2289
3363
3598
2855
1571
498
268
1015
2301
3370
3596
2844
1557
491
270
1028
2315
3378
3593
2833
1543
483
274
1040
2328
3385
3589
2821
1529
476
278
1051
2342
3392
3586
2808
1514
468
281
1063
2356
3400
3582
2795
1501
461
284
1076
2369
3406
3579
2784
1488
456
287
1088
2382
3413
3575
2772
1475
448
291
1099
2398
3421
3572
2761
1462
440
296
1111
2410
3429
3567
2748
1448
433
300
1123
2423
3435
3565
2735
1435
427
303
1135
2437
3442
3560
2724
1423
421
307
1148
2450
3448
3556
2711
1409
414
313
1161
2464
3454
3550
2698
1395
407
317
1174
2477
3461
3546
2685
1381
402
321
1186
2490
3466
3542
2673
1369
395
326
1198
2503
3473
3537
2660
1356
389
330
1211
2516
3478
3532
2648
1342
384
336
1222
2530
3486
3526
2636
1330
378
341
1235
2543
3491
3522
2624
1315
373
345
1247
2556
3497
3518
2611
1303
367
349
1260
2568
3501
3512
2598
1291
362
356
1273
2583
3507
3506
2584
1278
357
362
1287
2596
3513
3501
2572
1264
350
368
1299
2608
3518
3496
2559
1251
345
373
1313
2621
3522
3491
2546
1238
340
378
1328
2633
3527
3486
2532
1226
335
384
1339
2646
3532
3478
2521
1214
330
389
1353
2657
3538
3472
2506
1202
326
396
1366
2670
3542
3466
2493
1189
321
402
1379
2683
3546
3460
2480
1177
316
408
1392
2695
3550
3454
2465
1164
313
414
1405
2706
3556
3449
2451
1151
307
420
1419
2718
3560
3442
2438
1138
302
426
1432
2731
3564
3435
2426
1126
299
433
1446
2742
3568
3429
2412
1114
295
441
1459
2758
3571
3420
2400
1101
292
448
1472
2770
3576
3414
2386
1091
287
454
1485
2781
3579
3407
2372
1078
284
461
1499
2793
3583
3401
2360
1067
280
468
1511
2805
3586
3394
2345
1053
277
475
1527
2818
3589
3386
2331
1041
273
482
1540
2830
3594
3378
2318
1029
271
490
1553
2841
3596
3371
2305
1018
268
497
1569
2854
3599
3365
2291
1005
265
505
1582
2865
3602
3357
2278
994
262
512
1596
2876
3604
3349
2263
982
259
520
1609
2887
3607
3341
2250
972
256
528
1622
2899
3610
3334
2236
961
253
536
1636
2911
3612
3325
2221
948
253
544
1649
2921
3614
3318
2208
938
251
550
1663
2933
3615
3310
2194
927
249
558
1677
2945
3617
3301
2180
916
246
568
1690
2957
3620
3293
2167
903
244
576
1704
2967
3622
3284
2154
892
242
585
1717
2978
3623
3276
2140
881
241
593
1731
2989
3625
3267
2126
871
239
603
1745
3001
3626
3260
2113
860
238
611
1761
3012
3628
3250
2098
850
236
619
1773
3022
3630
3243
2083
839
236
628
1787
3033
3631
3232
2069
827
234
637
1802
3042
3631
3222
2056
816
233
646
1815
3052
3632
3213
2042
806
232
655
1829
3064
3634
3204
2029
796
231
664
1842
3074
3635
3195
2015
784
230
675
1857
3084
3635
3185
2002
775
229
684
1872
3094
3636
3175
1987
764
228
694
1885
3105
3636
3165
1972
755
228
703
1899
3114
3636
3156
1959
744
228
713
1913
3124
3636
3146
1945
735
228
722
1927
3133
3637
3137
1932
725
228
732
1940
3144
3637
3126
1919
716
229
741
1954
3153
3636
3118
1904
705
229
751
1967
3162
3636
3107
1890
697
228
761
1982
3172
3635
3098
1877
687
230
772
1994
3183
3635
3089
1862
677
230
782
2010
3193
3635
3079
1849
669
230
793
2025
3201
3633
3067
1834
659
231
803
2038
3210
3632
3056
1820
650
233
814
2051
3219
3632
3047
1808
641
234
824
2065
3230
3631
3036
1792
632
235
834
2078
3239
3629
3025
1778
623
237
846
2092
3247
3629
3015
1765
615
237
856
2107
3256
3627
3005
1749
605
238
867
2121
3265
3625
2993
1736
596
240
878
2135
3274
3623
2981
1722
588
242
889
2148
3281
3622
2971
1709
579
244
900
2162
3290
3620
2960
1695
571
246
912
2175
3298
3618
2947
1683
562
248
922
2189
3307
3616
2937
1669
554
250
934
2203
3316
3615
2926
1656
546
252
945
2216
3324
3613
2913
1642
538
253
956
2231
3332
3609
2902
1627
529
256
969
2244
3340
3607
2890
1615
521
259
980
2258
3347
3605
2880
1600
514
261
991
2272
3355
3601
2868
1586
507
264
1002
2287
3362
3598
2857
1573
499
267
1013
2300
3370
3596
2846
1559
491
270
1027
2314
3377
3594
2834
1544
484
273
1039
2326
3384
3590
2822
1531
477
277
1050
2340
3391
3586
2810
1516
469
280
1062
2352
3399
3583
2797
1504
462
284
1074
2368
3406
3580
2786
1490
455
287
1086
2381
3412
3576
2773
1477
449
291
1097
2396
3419
3572
2762
1464
441
296
1109
2408
3428
3568
2749
1451
433
299
1122
2421
3434
3565
2736
1437
428
302
1134
2435
3440
3560
2725
1423
421
306
1146
2448
3446
3557
2713
1411
415
312
1160
2463
3454
3550
2699
1397
408
316
1172
2476
3460
3546
2686
1383
402
320
1185
2488
3466
3542
2674
1370
397
325
1197
2501
3472
3538
2662
1357
390
329
1209
2514
3477
3532
2649
1345
385
335
1221
2529
3485
3527
2637
1331
379
341
1234
2541
3490
3522
2625
1318
373
345
1246
2554
3496
3518
2612
1304
368
349
1259
2567
3501
3513
2600
1293
363
357
1272
2580
3506
3507
2587
1279
358
361
1285
2595
3512
3502
2573
1265
350
368
1298
2607
3517
3497
2560
1252
345
372
1311
2619
3522
3491
2548
1239
340
377
1326
2632
3527
3487
2534
1228
336
383
1338
2644
3531
3479
2522
1215
329
389
1351
2656
3537
3473
2507
1203
325
395
1364
2669
3542
3467
2495
1190
321
401
1377
2681
3546
3461
2481
1178
317
407
1391
2694
3550
3455
2465
1165
313
413
1404
2706
3556
3450
2453
1153
308
419
1417
2718
3560
3442
2441
1139
303
425
1431
2730
3564
3437
2428
1127
299
433
1444
2741
3567
3430
2415
1114
295
440
1458
2756
3571
3422
2400
1103
293
447
1471
2768
3575
3416
2388
1092
287
453
1484
2779
3580
3409
2375
1079
284
460
1497
2792
3583
3401
2360
1068
281
467
1511
2804
3585
3394
2346
1055
278
474
1525
2816
3589
3387
2333
1044
274
482
1538
2829
3593
3380
2320
1031
270
489
1551
2840
3596
3373
2307
1019
268
497
1567
2852
3598
3366
2292
1008
265
503
1580
2864
3601
3358
2279
996
262
511
1593
2875
3604
3351
2265
984
260
518
1607
2887
3607
3342
2252
974
257
527
1620
2898
3610
3335
2237
963
254
534
1634
2909
3612
3327
2223
951
252
542
1648
2920
3614
3319
2209
940
251
549
1661
2932
3615
3312
2196
928
249
558
1675
2943
3617
3303
2182
916
246
567
1688
2955
3620
3294
2169
904
244
576
1702
2966
3622
3286
2155
893
242
584
1716
2976
3623
3277
2141
883
241
592
1729
2987
3625
3269
2127
872
239
601
1743
3000
3626
3260
2114
861
238
610
1757
3010
3628
3252
2100
851
236
618
1772
3021
3630
3243
2085
840
236
627
1785
3031
3630
3234
2071
829
234
636
1800
3041
3632
3224
2058
818
233
645
1813
3053
3632
3215
2045
807
231
654
1827
3062
3634
3205
2031
796
231
663
1841
3073
3635
3196
2017
786
230
673
1855
3083
3635
3185
2002
776
229
683
1869
3092
3636
3176
1990
765
228
692
1884
3103
3636
3167
1974
756
229
702
1898
3113
3636
3157
1961
745
228
711
1912
3123
3636
3148
1947
736
229
721
1925
3132
3637
3138
1934
727
228
731
1938
3143
3637
3128
1920
717
228
740
1952
3152
3636
3119
1905
707
229
750
1966
3161
3636
3109
1893
698
229
760
1980
3171
3635
3099
1877
688
230
769
1994
3181
3635
3090
1864
678
230
780
2008
3190
3634
3079
1850
669
231
790
2022
3200
3634
3067
1836
659
231
801
2037
3209
3633
3059
1822
651
232
812
2049
3219
3632
3047
1809
643
233
822
2063
3229
3630
3038
1795
633
234
832
2078
3238
3629
3027
1780
624
236
845
2091
3246
3629
3016
1766
616
237
855
2105
3255
3627
3006
1753
606
238
866
2119
3264
3626
2994
1737
597
240
877
2133
3273
3624
2983
1725
589
241
887
2147
3281
3623
2972
1710
580
244
898
2160
3289
3620
2962
1697
573
246
909
2173
3298
3618
2950
1686
564
248
921
2188
3305
3616
2938
1671
555
250
932
2201
3314
3615
2927
1658
546
252
944
2215
3323
3614
2916
1644
538
253
956
2228
3331
3610
2903
1631
530
256
967
2242
3339
3608
2892
1617
522
259
978
2256
3346
3605
2882
1602
514
261
989
2270
3354
3602
2870
1588
507
264
1001
2285
3361
3599
2858
1575
499
268
1013
2298
3369
3596
2846
1560
493
269
1024
2310
3376
3594
2835
1546
485
273
1037
2325
3383
3590
2822
1532
477
276
1049
2338
3390
3587
2810
1518
470
280
1061
2352
3398
3583
2798
1505
464
283
1073
2366
3404
3580
2787
1492
456
287
1085
2380
3412
3576
2775
1478
449
290
1095
2394
3419
3573
2763
1464
443
294
1108
2407
3426
3570
2752
1452
435
298
1119
2420
3433
3566
2738
1439
428
301
1132
2433
3440
3561
2727
1425
422
306
1144
2446
3446
3557
2714
1413
416
312
1158
2461
3453
3553
2702
1399
409
316
1171
2474
3459
3546
2689
1385
403
320
1183
2486
3464
3542
2676
1371
397
325
1196
2500
3471
3538
2663
1359
390
329
1208
2512
3477
3533
2651
1346
386
333
1219
2527
3485
3528
2640
1333
379
339
1232
2540
3490
3524
2626
1319
373
344
1245
2552
3494
3519
2614
1305
369
348
1257
2566
3500
3513
2601
1293
363
353
1270
2578
3506
3508
2588
1279
358
360
1283
2592
3512
3504
2575
1267
351
366
1297
2604
3516
3498
2562
1254
345
372
1310
2617
3522
3492
2550
1241
341
376
1324
2630
3526
3487
2536
1230
335
382
1337
2643
3531
3480
2523
1217
330
388
1349
2656
3536
3474
2509
1204
327
394
1363
2668
3541
3468
2496
1192
321
400
1375
2680
3545
3462
2483
1179
317
406
1388
2693
3550
3456
2468
1166
313
412
1402
2702
3556
3450
2455
1154
307
418
1415
2716
3558
3444
2442
1142
303
424
1429
2728
3564
3438
2429
1128
300
433
1442
2740
3568
3430
2416
1115
296
439
1456
2756
3570
3423
2402
1104
293
446
1469
2766
3575
3416
2389
1093
288
452
1482
2778
3578
3410
2376
1081
284
459
1495
2790
3583
3402
2363
1069
281
465
1510
2803
3585
3396
2348
1